[[    1.9998     0.3024    -0.0132     0.0000    -0.0000     0.3787    -0.0067    -0.0000    -0.0000    -0.0006     0.0000     0.0000    -0.0000     0.0000     0.0571     0.3089]
[    0.3024     0.9102     0.7943    -0.0000    -0.0000     0.8530     0.5787    -0.0000    -0.0000     0.4118     0.0000    -0.0000    -0.0000     0.0000     0.9922     1.2998]
[   -0.0132     0.7943     0.7336    -0.0000    -0.0000     0.7305     0.5340    -0.0000    -0.0000     0.3794     0.0000    -0.0000    -0.0000    -0.0000     0.9057     1.1522]
[    0.0000    -0.0000    -0.0000     0.0000     0.0000    -0.0000    -0.0000     0.0000     0.0000    -0.0000    -0.0000     0.0000     0.0000     0.0000    -0.0000    -0.0000]
[   -0.0000    -0.0000    -0.0000     0.0000     0.0000    -0.0000    -0.0000     0.0000     0.0000    -0.0000    -0.0000     0.0000     0.0000    -0.0000    -0.0000    -0.0000]
[    0.3787     0.8530     0.7305    -0.0000    -0.0000     0.8042     0.5323    -0.0000    -0.0000     0.3790     0.0000    -0.0000    -0.0000     0.0000     0.9162     1.2119]
[   -0.0067     0.5787     0.5340    -0.0000    -0.0000     0.5323     0.3888    -0.0000    -0.0000     0.2762     0.0000    -0.0000    -0.0000    -0.0000     0.6594     0.8393]
[   -0.0000    -0.0000    -0.0000     0.0000     0.0000    -0.0000    -0.0000     0.0000     0.0000    -0.0000    -0.0000     0.0000     0.0000     0.0000    -0.0000    -0.0000]
[   -0.0000    -0.0000    -0.0000     0.0000     0.0000    -0.0000    -0.0000     0.0000     0.0000    -0.0000    -0.0000     0.0000     0.0000    -0.0000    -0.0000    -0.0000]
[   -0.0006     0.4118     0.3794    -0.0000    -0.0000     0.3790     0.2762    -0.0000    -0.0000     0.1963     0.0000    -0.0000    -0.0000    -0.0000     0.4687     0.5970]
[    0.0000     0.0000     0.0000    -0.0000    -0.0000     0.0000     0.0000    -0.0000    -0.0000     0.0000     0.0000    -0.0000    -0.0000    -0.0000     0.0000     0.0000]
[    0.0000    -0.0000    -0.0000     0.0000     0.0000    -0.0000    -0.0000     0.0000     0.0000    -0.0000    -0.0000     0.0000     0.0000     0.0000    -0.0000    -0.0000]
[   -0.0000    -0.0000    -0.0000     0.0000     0.0000    -0.0000    -0.0000     0.0000     0.0000    -0.0000    -0.0000     0.0000     0.0000     0.0000    -0.0000    -0.0000]
[    0.0000     0.0000    -0.0000     0.0000    -0.0000     0.0000    -0.0000     0.0000    -0.0000    -0.0000    -0.0000     0.0000     0.0000     0.0000    -0.0000     0.0000]
[    0.0571     0.9922     0.9057    -0.0000    -0.0000     0.9162     0.6594    -0.0000    -0.0000     0.4687     0.0000    -0.0000    -0.0000    -0.0000     1.1208     1.4346]
[    0.3089     1.2998     1.1522    -0.0000    -0.0000     1.2119     0.8393    -0.0000    -0.0000     0.5970     0.0000    -0.0000    -0.0000     0.0000     1.4346     1.8641]]
