 $GENNBO  NATOMS=2  NBAS=4  UPPER  BODM  FORMAT=PRECISE  $END
 $NBO  FILE=h2  $END
 $COORD
 Title
     1    1       0.000000       0.000000       0.367411
     1    1       0.000000       0.000000      -0.367411
 $END
 $BASIS
  CENTER =     1     1     2     2
   LABEL =     1     1     1     1
 $END
 $CONTRACT
  NSHELL =     4
    NEXP =     6
   NCOMP =     1     1     1     1
   NPRIM =     2     1     2     1
    NPTR =     1     3     4     6
     EXP =  0.544717800000E+01  0.824547240000E+00  0.183191580000E+00
            0.544717800000E+01  0.824547240000E+00  0.183191580000E+00
      CS =  0.156284979000E+00  0.904690877000E+00  0.100000000000E+01
            0.156284979000E+00  0.904690877000E+00  0.100000000000E+01
 $END
 $OVERLAP
  0.100000000000E+01  0.645898123395E+00  0.100000000000E+01  0.409235566323E+00
  0.482503298123E+00  0.100000000000E+01  0.482503298123E+00  0.838099368540E+00
  0.645898123395E+00  0.100000000000E+01
 $END
 $DENSITY
  0.168954456878E+00  0.180516406621E+00  0.192869567702E+00  0.168954456878E+00
  0.180516406621E+00  0.168954456878E+00  0.180516406621E+00  0.192869567702E+00
  0.180516406621E+00  0.192869567702E+00
 $END
 $FOCK
  0.852488338199E-01 -0.509209164300E+00 -0.355346140110E+00 -0.538670452558E+00
 -0.520744915442E+00  0.852488338199E-01 -0.520744915442E+00 -0.400539721679E+00
 -0.509209164300E+00 -0.355346140110E+00
 $END
 $LCAOMO
  0.290649666160E+00  0.310539504493E+00  0.290649666160E+00  0.310539504493E+00
  0.111643120131E+00  0.163533350305E+01 -0.111643120131E+00 -0.163533350305E+01
  0.783163553139E+00 -0.662247886801E+00  0.783163553139E+00 -0.662247886801E+00
 -0.107778759864E+01  0.126880268735E+01  0.107778759864E+01 -0.126880268735E+01
 $END
 $KINETIC
  0.154940494557E+01  0.293150853816E+00  0.274787370000E+00  0.218994224025E+00
  0.176277231116E+00  0.154940494557E+01  0.176277231116E+00  0.203182381235E+00
  0.293150853816E+00  0.274787370000E+00
 $END
 $NUCLEAR
 -0.243418118970E+01 -0.122631599767E+01 -0.123422518048E+01 -0.981350268467E+00
 -0.950007017594E+00 -0.243418118970E+01 -0.950007017594E+00 -0.108087482227E+01
 -0.122631599767E+01 -0.123422518048E+01
 $END
 $DIPOLE
  0.000000000000E+00  0.000000000000E+00  0.000000000000E+00  0.920673975200E-17
  0.179211962006E-16  0.449948172135E-16  0.378895150337E-17  0.188550639471E-16
  0.290620680007E-16  0.449948172135E-16
  0.000000000000E+00  0.000000000000E+00  0.000000000000E+00  0.000000000000E+00
  0.000000000000E+00  0.000000000000E+00  0.000000000000E+00  0.000000000000E+00
  0.000000000000E+00  0.000000000000E+00
  0.367410564784E+00  0.237309794309E+00  0.367410564784E+00  0.308181803731E-16
 -0.115398535374E+00 -0.367410564784E+00  0.115398535374E+00  0.470286867526E-16
 -0.237309794309E+00 -0.367410564784E+00
 $END
