 $GENNBO  NATOMS=2  NBAS=28  UPPER  BODM  FORMAT=PRECISE  $END
 $NBO  FILE=h2  $END
 $COORD
 Title
     1    1       0.000000       0.000000       0.367172
     1    1       0.000000       0.000000      -0.367172
 $END
 $BASIS
  CENTER =     1     1     1     1     1     1     1     1     1     1     1
               1     1     1     2     2     2     2     2     2     2     2
               2     2     2     2     2     2
   LABEL =     1     1     1   101   102   103   101   102   103   255   252
             253   254   251     1     1     1   101   102   103   101   102
             103   255   252   253   254   251
 $END
 $CONTRACT
  NSHELL =    12
    NEXP =    16
   NCOMP =     1     1     1     3     3     5     1     1     1     3     3
               5
   NPRIM =     3     1     1     1     1     1     3     1     1     1     1
               1
    NPTR =     1     4     5     6     7     8     9    12    13    14    15
              16
     EXP =  0.338650000000E+02  0.509479000000E+01  0.115879000000E+01
            0.325840000000E+00  0.102741000000E+00  0.150000000000E+01
            0.375000000000E+00  0.100000000000E+01  0.338650000000E+02
            0.509479000000E+01  0.115879000000E+01  0.325840000000E+00
            0.102741000000E+00  0.150000000000E+01  0.375000000000E+00
            0.100000000000E+01
      CS =  0.254938145000E-01  0.190373109000E+00  0.852161486000E+00
            0.100000000000E+01  0.100000000000E+01  0.000000000000E+00
            0.000000000000E+00  0.000000000000E+00  0.254938145000E-01
            0.190373109000E+00  0.852161486000E+00  0.100000000000E+01
            0.100000000000E+01  0.000000000000E+00  0.000000000000E+00
            0.000000000000E+00
      CP =  0.000000000000E+00  0.000000000000E+00  0.000000000000E+00
            0.000000000000E+00  0.000000000000E+00  0.100000000000E+01
            0.100000000000E+01  0.000000000000E+00  0.000000000000E+00
            0.000000000000E+00  0.000000000000E+00  0.000000000000E+00
            0.000000000000E+00  0.100000000000E+01  0.100000000000E+01
            0.000000000000E+00
      CD =  0.000000000000E+00  0.000000000000E+00  0.000000000000E+00
            0.000000000000E+00  0.000000000000E+00  0.000000000000E+00
            0.000000000000E+00  0.100000000000E+01  0.000000000000E+00
            0.000000000000E+00  0.000000000000E+00  0.000000000000E+00
            0.000000000000E+00  0.000000000000E+00  0.000000000000E+00
            0.100000000000E+01
 $END
 $OVERLAP
  0.100000000000E+01  0.706377220037E+00  0.100000000000E+01  0.373663962662E+00
  0.788963227687E+00  0.100000000000E+01  0.000000000000E+00  0.000000000000E+00
  0.000000000000E+00  0.100000000000E+01  0.000000000000E+00  0.000000000000E+00
  0.000000000000E+00  0.000000000000E+00  0.100000000000E+01  0.000000000000E+00
  0.000000000000E+00  0.000000000000E+00 -0.311421991146E-32  0.635179545195E-33
  0.100000000000E+01  0.000000000000E+00  0.000000000000E+00  0.000000000000E+00
  0.572433402240E+00  0.000000000000E+00 -0.214628148733E-32  0.100000000000E+01
  0.000000000000E+00  0.000000000000E+00  0.000000000000E+00  0.000000000000E+00
  0.572433402240E+00  0.000000000000E+00  0.000000000000E+00  0.100000000000E+01
  0.000000000000E+00  0.000000000000E+00  0.000000000000E+00 -0.231302995876E-32
 -0.166748471434E-33  0.572433402240E+00 -0.374939945665E-32  0.000000000000E+00
  0.100000000000E+01  0.000000000000E+00  0.000000000000E+00  0.000000000000E+00
  0.000000000000E+00  0.000000000000E+00  0.000000000000E+00  0.000000000000E+00
  0.000000000000E+00  0.000000000000E+00  0.100000000000E+01  0.220434558915E-32
 -0.192631082978E-32 -0.180718924126E-32  0.000000000000E+00  0.000000000000E+00
  0.000000000000E+00  0.000000000000E+00  0.000000000000E+00  0.000000000000E+00
 -0.143947196210E-32  0.100000000000E+01  0.220434558915E-32 -0.192631082978E-32
 -0.180718924126E-32  0.000000000000E+00  0.000000000000E+00  0.000000000000E+00
  0.000000000000E+00  0.000000000000E+00  0.000000000000E+00  0.180760321630E-32
  0.000000000000E+00  0.100000000000E+01  0.453683676596E-18 -0.258289194555E-16
 -0.314910924242E-17  0.000000000000E+00  0.000000000000E+00  0.000000000000E+00
  0.000000000000E+00  0.000000000000E+00  0.000000000000E+00 -0.876559118570E-17
 -0.475072731034E-32 -0.873371874644E-33  0.100000000000E+01  0.000000000000E+00
  0.000000000000E+00  0.000000000000E+00  0.000000000000E+00  0.000000000000E+00
  0.000000000000E+00  0.000000000000E+00  0.000000000000E+00  0.000000000000E+00
  0.740698283929E-48  0.174674374929E-32 -0.387735543569E-32  0.769756236507E-48
  0.100000000000E+01  0.275371232256E+00  0.429043652776E+00  0.311273561169E+00
 -0.121416442074E-16 -0.121416442074E-16 -0.396576195384E+00 -0.172244343322E-16
 -0.172244343322E-16 -0.562592719607E+00  0.465402248233E+00  0.246797050262E-16
  0.246797050262E-16  0.868124493561E-17  0.151119608821E-32  0.100000000000E+01
  0.429043652776E+00  0.730708644585E+00  0.678780424692E+00 -0.743292719128E-17
 -0.743292719128E-17 -0.242777826111E+00 -0.172290037117E-16 -0.172290037117E-16
 -0.562741966867E+00  0.133704159959E+00  0.709016606835E-17  0.709016606835E-17
  0.203293104884E-16  0.434147459051E-33  0.706377220037E+00  0.100000000000E+01
  0.311273561169E+00  0.678780424692E+00  0.905809841775E+00 -0.190069951149E-17
 -0.190069951149E-17 -0.620815573214E-01 -0.713651681538E-17 -0.713651681538E-17
 -0.233096328520E+00  0.143007321153E-01  0.758350118855E-18  0.758350118855E-18
 -0.261869474541E-16  0.464355522845E-34  0.373663962662E+00  0.788963227687E+00
  0.100000000000E+01  0.000000000000E+00  0.000000000000E+00  0.000000000000E+00
  0.235911161973E+00 -0.770371977755E-33 -0.104317400069E-16  0.321236113829E+00
  0.000000000000E+00 -0.113637747100E-16  0.291642503923E-16 -0.498330133859E+00
  0.266864681240E-32 -0.152569600837E-16 -0.152569600837E-16  0.000000000000E+00
  0.000000000000E+00  0.000000000000E+00  0.100000000000E+01  0.148692257150E-32
  0.910271049310E-33  0.232768557289E-33 -0.638759850448E-33  0.235911161973E+00
 -0.104317400069E-16 -0.695830516240E-33  0.321236113829E+00 -0.113637747100E-16
  0.291642503923E-16  0.122464944908E-32 -0.498330133859E+00  0.152569600837E-16
 -0.152569600837E-16  0.000000000000E+00  0.000000000000E+00  0.000000000000E+00
  0.000000000000E+00  0.100000000000E+01  0.396576195384E+00  0.242777826111E+00
  0.620815573214E-01 -0.104317400069E-16 -0.104317400069E-16 -0.445541809718E+00
 -0.113637747100E-16 -0.113637747100E-16 -0.499329356599E-01  0.894435966393E-01
  0.200000432766E-16  0.200000432766E-16 -0.112745454631E-16  0.215886881564E-32
  0.000000000000E+00  0.000000000000E+00  0.000000000000E+00  0.000000000000E+00
  0.000000000000E+00  0.100000000000E+01  0.000000000000E+00  0.000000000000E+00
  0.000000000000E+00  0.321236113829E+00  0.000000000000E+00  0.000000000000E+00
  0.696926730984E+00  0.000000000000E+00 -0.770433921045E-17  0.121493020251E-16
 -0.335214275912E+00 -0.740698283929E-49 -0.102629772506E-16 -0.102629772506E-16
  0.000000000000E+00  0.000000000000E+00  0.000000000000E+00  0.572433402240E+00
  0.000000000000E+00  0.000000000000E+00  0.100000000000E+01  0.210938483721E-32
  0.210994442481E-32  0.873971247502E-33  0.000000000000E+00  0.321236113829E+00
 -0.139166103248E-32 -0.471754717681E-33  0.696926730984E+00 -0.770433921045E-17
  0.121493020251E-16  0.136599607180E-32 -0.335214275912E+00  0.102629772506E-16
 -0.102629772506E-16  0.000000000000E+00  0.000000000000E+00  0.000000000000E+00
  0.000000000000E+00  0.572433402240E+00  0.000000000000E+00  0.000000000000E+00
  0.100000000000E+01  0.562592719607E+00  0.562741966867E+00  0.233096328520E+00
  0.000000000000E+00 -0.139166103248E-32 -0.499329356599E-01 -0.770433921045E-17
 -0.770433921045E-17  0.193641100168E+00 -0.183781838608E+00  0.517253882839E-18
  0.517253882839E-18 -0.264507135605E-16  0.660098777582E-33  0.000000000000E+00
  0.000000000000E+00  0.000000000000E+00  0.000000000000E+00  0.000000000000E+00
  0.572433402240E+00  0.000000000000E+00  0.000000000000E+00  0.100000000000E+01
  0.465402248233E+00  0.133704159959E+00  0.143007321153E-01  0.000000000000E+00
 -0.357159058924E-32 -0.894435966393E-01  0.000000000000E+00 -0.148786038370E-32
  0.183781838608E+00 -0.126563673558E+00  0.601553963212E-17  0.601553963212E-17
 -0.364760169472E-16  0.156203353377E-32  0.000000000000E+00  0.000000000000E+00
  0.000000000000E+00  0.000000000000E+00  0.000000000000E+00  0.000000000000E+00
  0.000000000000E+00  0.000000000000E+00  0.000000000000E+00  0.100000000000E+01
  0.000000000000E+00  0.000000000000E+00  0.000000000000E+00  0.498330133859E+00
  0.000000000000E+00  0.000000000000E+00  0.335214275912E+00  0.000000000000E+00
  0.000000000000E+00  0.601553963212E-17 -0.353442047198E+00  0.115555796663E-32
 -0.112550993311E-16 -0.112550993311E-16  0.000000000000E+00  0.000000000000E+00
  0.000000000000E+00  0.000000000000E+00  0.000000000000E+00  0.000000000000E+00
  0.000000000000E+00  0.000000000000E+00  0.000000000000E+00  0.000000000000E+00
  0.100000000000E+01  0.302239217642E-32  0.868294918103E-33  0.928711045689E-34
  0.000000000000E+00  0.498330133859E+00 -0.244929889815E-32  0.000000000000E+00
  0.335214275912E+00 -0.633453311965E-34  0.601553963212E-17  0.115555796663E-32
 -0.353442047198E+00  0.112550993311E-16 -0.112550993311E-16  0.000000000000E+00
  0.000000000000E+00  0.000000000000E+00  0.000000000000E+00  0.000000000000E+00
  0.000000000000E+00  0.000000000000E+00  0.000000000000E+00  0.000000000000E+00
  0.000000000000E+00  0.000000000000E+00  0.100000000000E+01  0.868124493561E-17
  0.203293104884E-16 -0.261869474541E-16  0.000000000000E+00 -0.186843873313E-32
  0.112745454631E-16  0.000000000000E+00 -0.125685222397E-32  0.264507135605E-16
 -0.439044109497E-17 -0.112550993311E-16  0.112550993311E-16  0.381796837281E+00
  0.689176068495E-33  0.453683676596E-18 -0.258289194555E-16 -0.314910924242E-17
  0.000000000000E+00  0.000000000000E+00  0.000000000000E+00  0.000000000000E+00
  0.000000000000E+00  0.000000000000E+00 -0.876559118570E-17  0.000000000000E+00
  0.000000000000E+00  0.100000000000E+01  0.000000000000E+00  0.000000000000E+00
  0.000000000000E+00  0.186843873313E-32  0.000000000000E+00  0.000000000000E+00
  0.125685222397E-32  0.000000000000E+00  0.000000000000E+00  0.183129924821E-32
 -0.112550993311E-16 -0.112550993311E-16  0.466381898138E-33  0.381796837281E+00
  0.000000000000E+00  0.000000000000E+00  0.000000000000E+00  0.000000000000E+00
  0.000000000000E+00  0.000000000000E+00  0.000000000000E+00  0.000000000000E+00
  0.000000000000E+00  0.000000000000E+00  0.000000000000E+00  0.000000000000E+00
  0.000000000000E+00  0.100000000000E+01
 $END
 $DENSITY
  0.705841114771E-01  0.106142515611E+00  0.159614301073E+00  0.506366459258E-01
  0.761460457346E-01  0.363264459516E-01 -0.686538930510E-19 -0.103239904313E-18
 -0.492519180464E-19  0.534211672562E-36 -0.686538930510E-19 -0.103239904313E-18
 -0.492519180464E-19  0.000000000000E+00  0.534211672562E-36 -0.448481263978E-02
 -0.674414235257E-02 -0.321737944888E-02  0.436216934494E-20  0.436216934494E-20
  0.284958526686E-03 -0.105096081721E-18 -0.158040701530E-18 -0.753953399273E-19
  0.817776692634E-36  0.000000000000E+00  0.667765345244E-20  0.125186092585E-35
 -0.105096081721E-18 -0.158040701530E-18 -0.753953399273E-19  0.000000000000E+00
  0.817776692634E-36  0.667765345244E-20  0.000000000000E+00  0.125186092585E-35
 -0.686539706265E-02 -0.103240020969E-01 -0.492519736987E-02  0.667765345244E-20
  0.667765345244E-20  0.436217427398E-03  0.102222202085E-19  0.102222202085E-19
  0.667766099786E-03  0.159544515731E-03  0.239918813133E-03  0.114456341284E-03
 -0.155181554186E-21 -0.155181554186E-21 -0.101372284185E-04 -0.237553510450E-21
 -0.237553510450E-21 -0.155181729534E-04  0.360625811775E-06  0.423022407147E-20
  0.636129881284E-20  0.303473903703E-20 -0.329163427754E-37  0.000000000000E+00
 -0.268782336248E-21 -0.503886742110E-37  0.000000000000E+00 -0.411454749615E-21
  0.956177016034E-23  0.202819533409E-38  0.423022407147E-20  0.636129881284E-20
  0.303473903703E-20 -0.201554469097E-53 -0.329163427754E-37 -0.268782336248E-21
 -0.308541642929E-53 -0.503886742110E-37 -0.411454749615E-21  0.956177016034E-23
  0.124191146197E-54  0.202819533409E-38  0.160255432796E-16  0.241022656618E-16
  0.114997354894E-16 -0.155919812322E-34 -0.155919812322E-34 -0.101877777260E-17
 -0.238624932713E-34 -0.238624932713E-34 -0.155951236318E-17  0.362065650060E-19
  0.960368646055E-36  0.960237947958E-36 -0.578598570391E-23  0.000000000000E+00
  0.000000000000E+00  0.000000000000E+00  0.233801871840E-66  0.381827433025E-50
  0.000000000000E+00  0.357842516174E-66  0.584401178239E-50  0.000000000000E+00
  0.000000000000E+00  0.000000000000E+00 -0.235137082669E-51  0.000000000000E+00
 -0.886360117910E-55  0.705841114771E-01  0.106142515611E+00  0.506366459258E-01
 -0.686538930510E-19 -0.686538930510E-19 -0.448481263978E-02 -0.105096081721E-18
 -0.105096081721E-18 -0.686539706265E-02  0.159544515731E-03  0.423022407147E-20
  0.423022407147E-20  0.160255432796E-16  0.000000000000E+00  0.705841114771E-01
  0.106142515611E+00  0.159614301073E+00  0.761460457346E-01 -0.103239904313E-18
 -0.103239904313E-18 -0.674414235257E-02 -0.158040701530E-18 -0.158040701530E-18
 -0.103240020969E-01  0.239918813133E-03  0.636129881284E-20  0.636129881284E-20
  0.241022656618E-16  0.000000000000E+00  0.106142515611E+00  0.159614301073E+00
  0.506366459258E-01  0.761460457346E-01  0.363264459516E-01 -0.492519180464E-19
 -0.492519180464E-19 -0.321737944888E-02 -0.753953399273E-19 -0.753953399273E-19
 -0.492519736987E-02  0.114456341284E-03  0.303473903703E-20  0.303473903703E-20
  0.114997354894E-16  0.000000000000E+00  0.506366459258E-01  0.761460457346E-01
  0.363264459516E-01  0.686538930510E-19  0.103239904313E-18  0.492519180464E-19
 -0.534211672562E-36  0.000000000000E+00 -0.436216934494E-20 -0.817776692634E-36
  0.000000000000E+00 -0.667765345244E-20  0.155181554186E-21  0.329163427754E-37
  0.201554469097E-53  0.155919812322E-34 -0.233801871840E-66  0.686538930510E-19
  0.103239904313E-18  0.492519180464E-19  0.534211672562E-36  0.686538930510E-19
  0.103239904313E-18  0.492519180464E-19  0.000000000000E+00 -0.534211672562E-36
 -0.436216934494E-20  0.000000000000E+00 -0.817776692634E-36 -0.667765345244E-20
  0.155181554186E-21  0.000000000000E+00  0.329163427754E-37  0.155919812322E-34
 -0.381827433025E-50  0.686538930510E-19  0.103239904313E-18  0.492519180464E-19
  0.000000000000E+00  0.534211672562E-36  0.448481263978E-02  0.674414235257E-02
  0.321737944888E-02 -0.436216934494E-20 -0.436216934494E-20 -0.284958526686E-03
 -0.667765345244E-20 -0.667765345244E-20 -0.436217427398E-03  0.101372284185E-04
  0.268782336248E-21  0.268782336248E-21  0.101877777260E-17  0.000000000000E+00
  0.448481263978E-02  0.674414235257E-02  0.321737944888E-02  0.436216934494E-20
  0.436216934494E-20  0.284958526686E-03  0.105096081721E-18  0.158040701530E-18
  0.753953399273E-19 -0.817776692634E-36  0.000000000000E+00 -0.667765345244E-20
 -0.125186092585E-35  0.000000000000E+00 -0.102222202085E-19  0.237553510450E-21
  0.503886742110E-37  0.308541642929E-53  0.238624932713E-34 -0.357842516174E-66
  0.105096081721E-18  0.158040701530E-18  0.753953399273E-19  0.817776692634E-36
  0.000000000000E+00  0.667765345244E-20  0.125186092585E-35  0.105096081721E-18
  0.158040701530E-18  0.753953399273E-19  0.000000000000E+00 -0.817776692634E-36
 -0.667765345244E-20  0.000000000000E+00 -0.125186092585E-35 -0.102222202085E-19
  0.237553510450E-21  0.000000000000E+00  0.503886742110E-37  0.238624932713E-34
 -0.584401178239E-50  0.105096081721E-18  0.158040701530E-18  0.753953399273E-19
  0.000000000000E+00  0.817776692634E-36  0.667765345244E-20  0.000000000000E+00
  0.125186092585E-35  0.686539706265E-02  0.103240020969E-01  0.492519736987E-02
 -0.667765345244E-20 -0.667765345244E-20 -0.436217427398E-03 -0.102222202085E-19
 -0.102222202085E-19 -0.667766099786E-03  0.155181729534E-04  0.411454749615E-21
  0.411454749615E-21  0.155951236318E-17  0.000000000000E+00  0.686539706265E-02
  0.103240020969E-01  0.492519736987E-02  0.667765345244E-20  0.667765345244E-20
  0.436217427398E-03  0.102222202085E-19  0.102222202085E-19  0.667766099786E-03
  0.159544515731E-03  0.239918813133E-03  0.114456341284E-03 -0.155181554186E-21
 -0.155181554186E-21 -0.101372284185E-04 -0.237553510450E-21 -0.237553510450E-21
 -0.155181729534E-04  0.360625811775E-06  0.956177016034E-23  0.956177016034E-23
  0.362180936919E-19  0.000000000000E+00  0.159544515731E-03  0.239918813133E-03
  0.114456341284E-03  0.155181554186E-21  0.155181554186E-21  0.101372284185E-04
  0.237553510450E-21  0.237553510450E-21  0.155181729534E-04  0.360625811775E-06
  0.423022407147E-20  0.636129881284E-20  0.303473903703E-20 -0.329163427754E-37
  0.000000000000E+00 -0.268782336248E-21 -0.503886742110E-37  0.000000000000E+00
 -0.411454749615E-21  0.956177016034E-23  0.202819533409E-38  0.124191146197E-54
  0.960368646055E-36 -0.144023369372E-67  0.423022407147E-20  0.636129881284E-20
  0.303473903703E-20  0.329163427754E-37  0.000000000000E+00  0.268782336248E-21
  0.503886742110E-37  0.000000000000E+00  0.411454749615E-21  0.956177016034E-23
  0.202819533409E-38  0.423022407147E-20  0.636129881284E-20  0.303473903703E-20
 -0.201554469097E-53 -0.329163427754E-37 -0.268782336248E-21 -0.308541642929E-53
 -0.503886742110E-37 -0.411454749615E-21  0.956177016034E-23  0.000000000000E+00
  0.202819533409E-38  0.960237947958E-36 -0.235230170769E-51  0.423022407147E-20
  0.636129881284E-20  0.303473903703E-20  0.201554469097E-53  0.329163427754E-37
  0.268782336248E-21  0.308541642929E-53  0.503886742110E-37  0.411454749615E-21
  0.956177016034E-23  0.124191146197E-54  0.202819533409E-38  0.160255432796E-16
  0.241022656618E-16  0.114997354894E-16 -0.155919812322E-34 -0.155919812322E-34
 -0.101877777260E-17 -0.238624932713E-34 -0.238624932713E-34 -0.155951236318E-17
  0.362065650060E-19  0.960368646055E-36  0.960237947958E-36 -0.578598570391E-23
  0.000000000000E+00  0.160255432796E-16  0.241022656618E-16  0.114997354894E-16
  0.155919812322E-34  0.155919812322E-34  0.101877777260E-17  0.238624932713E-34
  0.238624932713E-34  0.155951236318E-17  0.362065650060E-19  0.960368646055E-36
  0.960237947958E-36 -0.578598570391E-23  0.000000000000E+00  0.000000000000E+00
  0.000000000000E+00  0.233801871840E-66  0.381827433025E-50  0.000000000000E+00
  0.357842516174E-66  0.584401178239E-50  0.000000000000E+00  0.000000000000E+00
  0.000000000000E+00 -0.235137082669E-51  0.000000000000E+00 -0.886360117910E-55
  0.000000000000E+00  0.000000000000E+00  0.000000000000E+00 -0.233801871840E-66
 -0.381827433025E-50  0.000000000000E+00 -0.357842516174E-66 -0.584401178239E-50
  0.000000000000E+00  0.000000000000E+00  0.000000000000E+00 -0.235137082669E-51
  0.000000000000E+00 -0.886360117910E-55
 $END
 $FOCK
  0.578134085488E+00 -0.453684636257E+00 -0.372369088930E+00 -0.472858979800E+00
 -0.387777482846E+00 -0.254716229643E+00  0.649608914941E-17  0.664021650393E-17
  0.373436027005E-17  0.315113695483E+01  0.649608914941E-17  0.664021650393E-17
  0.373436027005E-17  0.000000000000E+00  0.315113695483E+01  0.194518659926E+00
  0.228598965582E+00  0.154331978309E+00 -0.549098286084E-17 -0.549098286084E-17
  0.296880930528E+01  0.393220838021E-17  0.774567495523E-17  0.597675349545E-17
  0.606721807814E+00 -0.255501589282E-33 -0.417265760968E-17  0.754874308881E+00
  0.393220838021E-17  0.774567495523E-17  0.597675349545E-17  0.000000000000E+00
  0.606721807814E+00 -0.417265760968E-17  0.000000000000E+00  0.754874308881E+00
  0.198918561514E+00  0.294562023618E+00  0.223601087807E+00 -0.417265760968E-17
 -0.417265760968E-17  0.439794347922E+00 -0.648088600110E-17 -0.648088600110E-17
  0.505980380436E+00 -0.145742231037E+00 -0.220914272790E+00 -0.153328544434E+00
  0.187139030843E-17  0.187139030843E-17  0.220624908113E+00  0.283593931533E-17
  0.283593931533E-17  0.266918879277E+00  0.296666660281E+01 -0.549688934161E-17
 -0.932630588268E-17 -0.608340851287E-17  0.550459660277E-01  0.444457170340E-34
  0.116214311037E-16  0.581962547990E-01  0.161509364998E-33  0.135332255582E-16
 -0.118584536214E-16  0.319504880888E+01 -0.549688934161E-17 -0.932630588268E-17
 -0.608340851287E-17  0.667161703099E-33  0.550459660277E-01  0.116214311037E-16
  0.667161703099E-33  0.581962547990E-01  0.135332255582E-16 -0.118584536214E-16
 -0.924446373306E-32  0.319504880888E+01 -0.139402371346E-16 -0.126019219960E-15
  0.675312798741E-17  0.419004400436E-17 -0.419004400436E-17  0.119551425671E-16
  0.431061728842E-17 -0.431061728842E-17  0.217881258555E-16  0.162257497517E-15
 -0.353042550871E-17  0.353042550871E-17  0.328259271140E+01 -0.336587396874E-33
 -0.571071532354E-33 -0.372501338160E-33  0.419004400436E-17  0.419004400436E-17
  0.455041221222E-33  0.431061728842E-17  0.431061728842E-17  0.564721884867E-33
 -0.601311467624E-33 -0.353042550871E-17 -0.353042550871E-17  0.216176214944E-33
  0.328259271140E+01 -0.527571275839E+00 -0.525090472474E+00 -0.450292449059E+00
  0.138730411203E-16  0.138730411203E-16 -0.245598240817E-01  0.202022018427E-16
  0.202022018427E-16  0.785930146215E-01  0.535098120569E+00 -0.435893091584E-17
 -0.435893091584E-17 -0.542234597817E-16  0.453824359713E-33  0.578134085488E+00
 -0.525090472474E+00 -0.488299662663E+00 -0.407153304894E+00  0.109349296845E-16
  0.109349296845E-16  0.109234951584E+00  0.166307779740E-16  0.166307779740E-16
  0.550558685335E-01 -0.150526302904E+00 -0.154027385896E-16 -0.154027385896E-16
 -0.886460711240E-16  0.599167297241E-34 -0.453684636257E+00 -0.372369088930E+00
 -0.450292449059E+00 -0.407153304894E+00 -0.271872362752E+00  0.577499885811E-17
  0.577499885811E-17  0.158645152714E+00  0.105254539527E-16  0.105254539527E-16
  0.181920186622E+00 -0.167717724392E+00 -0.812447481140E-17 -0.812447481140E-17
 -0.919602198089E-16 -0.356558904043E-33 -0.472858979800E+00 -0.387777482846E+00
 -0.254716229643E+00  0.000000000000E+00  0.000000000000E+00  0.000000000000E+00
  0.215110334467E+00 -0.231111593326E-32 -0.783804636618E-17  0.211132086513E+00
 -0.154074395551E-32  0.413665022924E-17  0.451108029006E-16 -0.113712251403E+01
  0.106745872496E-31 -0.136625986347E-16 -0.136625986347E-16  0.000000000000E+00
  0.000000000000E+00  0.000000000000E+00  0.315113695483E+01 -0.622381969006E-33
  0.773641853056E-33 -0.200488911108E-33 -0.215688584242E-32  0.215110334467E+00
 -0.783804636618E-17 -0.148342238491E-32  0.211132086513E+00  0.413665022924E-17
  0.451108029006E-16  0.611454438446E-32 -0.113712251403E+01  0.136625986347E-16
 -0.136625986347E-16 -0.795541478380E-33 -0.813191988719E-33 -0.457327235157E-33
  0.000000000000E+00  0.315113695483E+01  0.245598240817E-01 -0.109234951584E+00
 -0.158645152714E+00 -0.783804636618E-17 -0.783804636618E-17 -0.130641538346E+01
  0.413665022924E-17  0.413665022924E-17 -0.151229915607E+00  0.891672905483E+00
  0.508090053248E-16  0.508090053248E-16 -0.696357497743E-16  0.874910212617E-32
 -0.194518659926E+00 -0.228598965582E+00 -0.154331978309E+00  0.000000000000E+00
 -0.672451458470E-33  0.296880930528E+01  0.000000000000E+00  0.000000000000E+00
  0.000000000000E+00  0.211132086513E+00  0.000000000000E+00  0.000000000000E+00
  0.411286558612E+00  0.000000000000E+00  0.202306278181E-17 -0.478775427150E-18
 -0.418075965180E+00  0.000000000000E+00  0.299423962958E-18  0.299423962958E-18
  0.000000000000E+00  0.000000000000E+00  0.000000000000E+00  0.606721807814E+00
  0.000000000000E+00  0.000000000000E+00  0.754874308881E+00 -0.208815864168E-32
  0.154210168345E-32 -0.448321078394E-34  0.000000000000E+00  0.211132086513E+00
 -0.296684476981E-32 -0.698210329559E-33  0.411286558612E+00  0.202306278181E-17
 -0.478775427150E-18  0.292299681153E-32 -0.418075965180E+00 -0.299423962958E-18
  0.299423962958E-18 -0.481556640641E-33 -0.948571604116E-33 -0.731941203750E-33
  0.000000000000E+00  0.606721807814E+00 -0.511003178563E-33  0.000000000000E+00
  0.754874308881E+00 -0.785930146215E-01 -0.550558685335E-01 -0.181920186622E+00
  0.000000000000E+00 -0.270636381516E-32 -0.151229915607E+00  0.202306278181E-17
  0.202306278181E-17  0.171559537016E-01 -0.211807783211E+00 -0.230415439323E-18
 -0.230415439323E-18  0.255254215598E-16  0.120522151529E-32 -0.198918561514E+00
 -0.294562023618E+00 -0.223601087807E+00  0.000000000000E+00 -0.511003178563E-33
  0.439794347922E+00  0.000000000000E+00 -0.793679629688E-33  0.505980380436E+00
  0.535098120569E+00 -0.150526302904E+00 -0.167717724392E+00  0.000000000000E+00
 -0.145489738620E-31 -0.891672905483E+00  0.000000000000E+00 -0.365025263407E-32
  0.211807783211E+00 -0.351590448182E+00  0.207689862121E-16  0.207689862121E-16
  0.413692428122E-16  0.695626126753E-32 -0.145742231037E+00 -0.220914272790E+00
 -0.153328544434E+00  0.000000000000E+00 -0.229179215117E-33 -0.220624908113E+00
  0.000000000000E+00 -0.347302400509E-33 -0.266918879277E+00  0.296666660281E+01
  0.000000000000E+00  0.000000000000E+00  0.000000000000E+00  0.113712251403E+01
  0.000000000000E+00  0.000000000000E+00  0.418075965180E+00  0.000000000000E+00
  0.000000000000E+00  0.207689862121E-16 -0.149227975888E+01  0.231111593326E-32
 -0.208980328435E-16 -0.208980328435E-16  0.000000000000E+00  0.000000000000E+00
  0.000000000000E+00 -0.550459660277E-01  0.000000000000E+00  0.000000000000E+00
 -0.581962547990E-01  0.000000000000E+00  0.000000000000E+00  0.000000000000E+00
  0.319504880888E+01  0.907648719426E-33  0.119833459448E-33 -0.713117808086E-33
  0.000000000000E+00  0.113712251403E+01 -0.122290887689E-31  0.000000000000E+00
  0.418075965180E+00 -0.508699998257E-33  0.207689862121E-16  0.462223186653E-32
 -0.149227975888E+01  0.208980328435E-16 -0.208980328435E-16 -0.673174793747E-33
 -0.114214306471E-32 -0.745002676320E-33  0.000000000000E+00 -0.550459660277E-01
 -0.142321484027E-32  0.000000000000E+00 -0.581962547990E-01 -0.165734213619E-32
 -0.145224172703E-32  0.000000000000E+00  0.319504880888E+01 -0.542234597817E-16
 -0.886460711240E-16 -0.919602198089E-16  0.000000000000E+00 -0.526911548342E-32
  0.696357497743E-16  0.000000000000E+00 -0.190174303233E-32 -0.255254215598E-16
  0.792340441759E-17 -0.208980328435E-16  0.208980328435E-16  0.876299734476E+00
  0.201769452411E-33 -0.139402371346E-16 -0.126019219960E-15  0.675312798741E-17
  0.000000000000E+00  0.513132397822E-33 -0.119551425671E-16  0.000000000000E+00
  0.527898366461E-33 -0.217881258555E-16  0.162257497517E-15  0.000000000000E+00
  0.432352429887E-33  0.328259271140E+01  0.000000000000E+00  0.000000000000E+00
  0.000000000000E+00  0.526911548342E-32  0.000000000000E+00  0.000000000000E+00
  0.190174303233E-32  0.000000000000E+00  0.000000000000E+00  0.186897055015E-32
 -0.208980328435E-16 -0.208980328435E-16 -0.251288538568E-32  0.876299734476E+00
  0.000000000000E+00  0.000000000000E+00  0.000000000000E+00 -0.513132397822E-33
  0.000000000000E+00  0.000000000000E+00 -0.527898366461E-33  0.000000000000E+00
  0.000000000000E+00  0.000000000000E+00 -0.432352429887E-33  0.000000000000E+00
  0.000000000000E+00  0.328259271140E+01
 $END
 $LCAOMO
  0.187861799572E+00  0.282501593865E+00  0.134771001984E+00  0.000000000000E+00
  0.000000000000E+00 -0.119364677917E-01  0.000000000000E+00  0.000000000000E+00
 -0.182724669898E-01  0.424632671715E-03  0.000000000000E+00  0.000000000000E+00
  0.426456971023E-16  0.000000000000E+00  0.187861799572E+00  0.282501593865E+00
  0.134771001984E+00  0.000000000000E+00  0.000000000000E+00  0.119364677917E-01
  0.000000000000E+00  0.000000000000E+00  0.182724669898E-01  0.424632671715E-03
  0.000000000000E+00  0.000000000000E+00  0.426456971023E-16  0.000000000000E+00
  0.695163295858E-01 -0.204891959947E+00  0.233177744263E+01  0.000000000000E+00
  0.000000000000E+00  0.278488661708E-01  0.000000000000E+00  0.000000000000E+00
  0.556268642533E-01 -0.135694283056E-01  0.000000000000E+00  0.000000000000E+00
 -0.267620394122E-15  0.000000000000E+00 -0.695163295858E-01  0.204891959947E+00
 -0.233177744263E+01  0.000000000000E+00  0.000000000000E+00  0.278488661708E-01
  0.000000000000E+00  0.000000000000E+00  0.556268642533E-01  0.135694283056E-01
  0.000000000000E+00  0.000000000000E+00  0.267620394122E-15  0.000000000000E+00
 -0.583055092196E-01 -0.733092858793E+00  0.860683784127E+00  0.000000000000E+00
  0.000000000000E+00  0.160532861144E-01  0.000000000000E+00  0.000000000000E+00
 -0.534515222474E-01  0.107628428788E-01  0.000000000000E+00  0.000000000000E+00
 -0.292894981850E-16  0.000000000000E+00 -0.583055092196E-01 -0.733092858793E+00
  0.860683784127E+00  0.000000000000E+00  0.000000000000E+00 -0.160532861144E-01
  0.000000000000E+00  0.000000000000E+00  0.534515222474E-01  0.107628428788E-01
  0.000000000000E+00  0.000000000000E+00 -0.292894981850E-16  0.000000000000E+00
 -0.115537851798E+00 -0.175152637346E+01  0.224476421762E+01  0.000000000000E+00
  0.000000000000E+00  0.598382477042E-01  0.000000000000E+00  0.000000000000E+00
 -0.358129190244E-01 -0.483320114721E-01  0.000000000000E+00  0.000000000000E+00
 -0.409558582792E-16  0.000000000000E+00  0.115537851798E+00  0.175152637346E+01
 -0.224476421762E+01  0.000000000000E+00  0.000000000000E+00  0.598382477042E-01
  0.000000000000E+00  0.000000000000E+00 -0.358129190244E-01  0.483320114721E-01
  0.000000000000E+00  0.000000000000E+00  0.409558582792E-16  0.000000000000E+00
  0.000000000000E+00  0.000000000000E+00  0.000000000000E+00  0.000000000000E+00
 -0.446619964628E-01  0.000000000000E+00  0.000000000000E+00  0.567464149715E+00
  0.000000000000E+00  0.000000000000E+00  0.000000000000E+00  0.112358556300E-01
  0.000000000000E+00  0.000000000000E+00  0.000000000000E+00  0.000000000000E+00
  0.000000000000E+00  0.000000000000E+00 -0.446619964628E-01  0.000000000000E+00
  0.000000000000E+00  0.567464149715E+00  0.000000000000E+00  0.000000000000E+00
  0.000000000000E+00 -0.112358556300E-01  0.000000000000E+00  0.000000000000E+00
  0.000000000000E+00  0.000000000000E+00  0.000000000000E+00 -0.446619964628E-01
  0.000000000000E+00  0.000000000000E+00  0.567464149715E+00  0.000000000000E+00
  0.000000000000E+00  0.000000000000E+00  0.112358556300E-01  0.000000000000E+00
  0.000000000000E+00  0.000000000000E+00  0.000000000000E+00  0.000000000000E+00
  0.000000000000E+00 -0.446619964628E-01  0.000000000000E+00  0.000000000000E+00
  0.567464149715E+00  0.000000000000E+00  0.000000000000E+00  0.000000000000E+00
 -0.112358556300E-01  0.000000000000E+00  0.000000000000E+00  0.000000000000E+00
  0.132964357132E-01  0.676576046425E+00 -0.360437249133E+00  0.000000000000E+00
  0.000000000000E+00 -0.863322940220E-01  0.000000000000E+00  0.000000000000E+00
  0.107760630654E+01 -0.739770961913E-01  0.000000000000E+00  0.000000000000E+00
  0.130220781762E-15  0.000000000000E+00  0.132964357132E-01  0.676576046425E+00
 -0.360437249133E+00  0.000000000000E+00  0.000000000000E+00  0.863322940220E-01
  0.000000000000E+00  0.000000000000E+00 -0.107760630654E+01 -0.739770961913E-01
  0.000000000000E+00  0.000000000000E+00  0.130220781762E-15  0.000000000000E+00
  0.000000000000E+00  0.000000000000E+00  0.000000000000E+00  0.000000000000E+00
 -0.431159801575E-01  0.000000000000E+00  0.000000000000E+00  0.145823490257E+01
  0.000000000000E+00  0.000000000000E+00  0.000000000000E+00 -0.134876538221E+00
  0.000000000000E+00  0.000000000000E+00  0.000000000000E+00  0.000000000000E+00
  0.000000000000E+00  0.000000000000E+00  0.431159801575E-01  0.000000000000E+00
  0.000000000000E+00 -0.145823490257E+01  0.000000000000E+00  0.000000000000E+00
  0.000000000000E+00 -0.134876538221E+00  0.000000000000E+00  0.000000000000E+00
  0.000000000000E+00  0.000000000000E+00  0.000000000000E+00 -0.431159801575E-01
  0.000000000000E+00  0.000000000000E+00  0.145823490257E+01  0.000000000000E+00
  0.000000000000E+00  0.000000000000E+00 -0.134876538221E+00  0.000000000000E+00
  0.000000000000E+00  0.000000000000E+00  0.000000000000E+00  0.000000000000E+00
  0.000000000000E+00  0.431159801575E-01  0.000000000000E+00  0.000000000000E+00
 -0.145823490257E+01  0.000000000000E+00  0.000000000000E+00  0.000000000000E+00
 -0.134876538221E+00  0.000000000000E+00  0.000000000000E+00  0.000000000000E+00
  0.628338753581E-01  0.139868818407E+02  0.440683888452E-01  0.000000000000E+00
  0.000000000000E+00 -0.127258741187E+00  0.000000000000E+00  0.000000000000E+00
 -0.659241433716E+01  0.301369576556E+00  0.000000000000E+00  0.000000000000E+00
 -0.848457149581E-16  0.000000000000E+00 -0.628338753581E-01 -0.139868818407E+02
 -0.440683888452E-01  0.000000000000E+00  0.000000000000E+00 -0.127258741187E+00
  0.000000000000E+00  0.000000000000E+00 -0.659241433716E+01 -0.301369576556E+00
  0.000000000000E+00  0.000000000000E+00  0.848457149581E-16  0.000000000000E+00
 -0.923012931818E+00  0.988635820617E+00 -0.390838874287E+00  0.000000000000E+00
  0.000000000000E+00  0.793663001692E-01  0.000000000000E+00  0.000000000000E+00
 -0.191445303349E+00 -0.146696366980E+00  0.000000000000E+00  0.000000000000E+00
  0.891443819988E-16  0.000000000000E+00 -0.923012931818E+00  0.988635820617E+00
 -0.390838874287E+00  0.000000000000E+00  0.000000000000E+00 -0.793663001692E-01
  0.000000000000E+00  0.000000000000E+00  0.191445303349E+00 -0.146696366980E+00
  0.000000000000E+00  0.000000000000E+00  0.891443819988E-16  0.000000000000E+00
 -0.686757744301E+00  0.488174293527E+01 -0.127118026132E+01  0.000000000000E+00
  0.000000000000E+00 -0.477539108068E+00  0.000000000000E+00  0.000000000000E+00
 -0.138828799260E+01  0.423750806004E+00  0.000000000000E+00  0.000000000000E+00
 -0.471921340286E-15  0.000000000000E+00  0.686757744301E+00 -0.488174293527E+01
  0.127118026132E+01  0.000000000000E+00  0.000000000000E+00 -0.477539108068E+00
  0.000000000000E+00  0.000000000000E+00 -0.138828799260E+01 -0.423750806004E+00
  0.000000000000E+00  0.000000000000E+00  0.471921340286E-15  0.000000000000E+00
  0.000000000000E+00  0.000000000000E+00  0.000000000000E+00  0.000000000000E+00
  0.000000000000E+00  0.000000000000E+00  0.000000000000E+00  0.000000000000E+00
  0.000000000000E+00  0.000000000000E+00  0.000000000000E+00  0.000000000000E+00
  0.000000000000E+00  0.601537774888E+00  0.000000000000E+00  0.000000000000E+00
  0.000000000000E+00  0.000000000000E+00  0.000000000000E+00  0.000000000000E+00
  0.000000000000E+00  0.000000000000E+00  0.000000000000E+00  0.000000000000E+00
  0.000000000000E+00  0.000000000000E+00  0.000000000000E+00  0.601537774888E+00
  0.847052911764E-15 -0.210771205624E-15 -0.990335629346E-16  0.000000000000E+00
  0.000000000000E+00 -0.133637071194E-14  0.000000000000E+00  0.000000000000E+00
  0.126379649656E-14 -0.111933916909E-14  0.000000000000E+00  0.000000000000E+00
  0.601537774888E+00  0.000000000000E+00  0.847052911764E-15 -0.210771205624E-15
 -0.990335629346E-16  0.000000000000E+00  0.000000000000E+00  0.133637071194E-14
  0.000000000000E+00  0.000000000000E+00 -0.126379649656E-14 -0.111933916909E-14
  0.000000000000E+00  0.000000000000E+00  0.601537774888E+00  0.000000000000E+00
  0.000000000000E+00  0.000000000000E+00  0.000000000000E+00  0.000000000000E+00
 -0.422303384791E+00  0.000000000000E+00  0.000000000000E+00  0.277335940098E+00
  0.000000000000E+00  0.000000000000E+00  0.000000000000E+00  0.435062747030E+00
  0.000000000000E+00  0.000000000000E+00  0.000000000000E+00  0.000000000000E+00
  0.000000000000E+00  0.000000000000E+00 -0.422303384791E+00  0.000000000000E+00
  0.000000000000E+00  0.277335940098E+00  0.000000000000E+00  0.000000000000E+00
  0.000000000000E+00 -0.435062747030E+00  0.000000000000E+00  0.000000000000E+00
  0.000000000000E+00  0.000000000000E+00  0.000000000000E+00 -0.422303384791E+00
  0.000000000000E+00  0.000000000000E+00  0.277335940098E+00  0.000000000000E+00
  0.000000000000E+00  0.000000000000E+00  0.435062747030E+00  0.000000000000E+00
  0.000000000000E+00  0.000000000000E+00  0.000000000000E+00  0.000000000000E+00
  0.000000000000E+00 -0.422303384791E+00  0.000000000000E+00  0.000000000000E+00
  0.277335940098E+00  0.000000000000E+00  0.000000000000E+00  0.000000000000E+00
 -0.435062747030E+00  0.000000000000E+00  0.000000000000E+00  0.000000000000E+00
  0.216017729145E+00  0.199874947769E+00 -0.141147605763E+00  0.000000000000E+00
  0.000000000000E+00 -0.784962301456E+00  0.000000000000E+00  0.000000000000E+00
  0.908515261316E+00 -0.523074304586E+00  0.000000000000E+00  0.000000000000E+00
 -0.116691000151E-14  0.000000000000E+00  0.216017729145E+00  0.199874947769E+00
 -0.141147605763E+00  0.000000000000E+00  0.000000000000E+00  0.784962301456E+00
  0.000000000000E+00  0.000000000000E+00 -0.908515261316E+00 -0.523074304586E+00
  0.000000000000E+00  0.000000000000E+00 -0.116691000151E-14  0.000000000000E+00
  0.000000000000E+00  0.000000000000E+00  0.000000000000E+00  0.000000000000E+00
 -0.324009646249E+00  0.000000000000E+00  0.000000000000E+00  0.122866943503E+01
  0.000000000000E+00  0.000000000000E+00  0.000000000000E+00 -0.102049433456E+01
  0.000000000000E+00  0.000000000000E+00  0.000000000000E+00  0.000000000000E+00
  0.000000000000E+00  0.000000000000E+00  0.324009646249E+00  0.000000000000E+00
  0.000000000000E+00 -0.122866943503E+01  0.000000000000E+00  0.000000000000E+00
  0.000000000000E+00 -0.102049433456E+01  0.000000000000E+00  0.000000000000E+00
  0.000000000000E+00  0.000000000000E+00  0.000000000000E+00 -0.324009646249E+00
  0.000000000000E+00  0.000000000000E+00  0.122866943503E+01  0.000000000000E+00
  0.000000000000E+00  0.000000000000E+00 -0.102049433456E+01  0.000000000000E+00
  0.000000000000E+00  0.000000000000E+00  0.000000000000E+00  0.000000000000E+00
  0.000000000000E+00  0.324009646249E+00  0.000000000000E+00  0.000000000000E+00
 -0.122866943503E+01  0.000000000000E+00  0.000000000000E+00  0.000000000000E+00
 -0.102049433456E+01  0.000000000000E+00  0.000000000000E+00  0.000000000000E+00
  0.000000000000E+00  0.000000000000E+00  0.000000000000E+00  0.000000000000E+00
  0.000000000000E+00  0.000000000000E+00  0.000000000000E+00  0.000000000000E+00
  0.000000000000E+00  0.000000000000E+00  0.000000000000E+00  0.000000000000E+00
  0.000000000000E+00  0.899330641853E+00  0.000000000000E+00  0.000000000000E+00
  0.000000000000E+00  0.000000000000E+00  0.000000000000E+00  0.000000000000E+00
  0.000000000000E+00  0.000000000000E+00  0.000000000000E+00  0.000000000000E+00
  0.000000000000E+00  0.000000000000E+00  0.000000000000E+00 -0.899330641853E+00
 -0.320052585957E-14 -0.280776212532E-14 -0.212805866176E-14  0.000000000000E+00
  0.000000000000E+00 -0.254824944729E-15  0.000000000000E+00  0.000000000000E+00
  0.349333924322E-14 -0.246871167266E-14  0.000000000000E+00  0.000000000000E+00
  0.899330641853E+00  0.000000000000E+00  0.320052585957E-14  0.280776212532E-14
  0.212805866176E-14  0.000000000000E+00  0.000000000000E+00 -0.254824944729E-15
  0.000000000000E+00  0.000000000000E+00  0.349333924322E-14  0.246871167266E-14
  0.000000000000E+00  0.000000000000E+00 -0.899330641853E+00  0.000000000000E+00
  0.000000000000E+00  0.000000000000E+00  0.000000000000E+00  0.741471315504E+00
  0.000000000000E+00  0.000000000000E+00 -0.277809704180E+00  0.000000000000E+00
  0.000000000000E+00  0.000000000000E+00  0.494626828436E+00  0.000000000000E+00
  0.000000000000E+00  0.000000000000E+00  0.000000000000E+00  0.000000000000E+00
  0.000000000000E+00  0.741471315504E+00  0.000000000000E+00  0.000000000000E+00
 -0.277809704180E+00  0.000000000000E+00  0.000000000000E+00  0.000000000000E+00
 -0.494626828436E+00  0.000000000000E+00  0.000000000000E+00  0.000000000000E+00
  0.000000000000E+00  0.000000000000E+00  0.000000000000E+00  0.000000000000E+00
  0.741471315504E+00  0.000000000000E+00  0.000000000000E+00 -0.277809704180E+00
  0.000000000000E+00  0.000000000000E+00  0.000000000000E+00  0.494626828436E+00
  0.000000000000E+00  0.000000000000E+00  0.000000000000E+00  0.000000000000E+00
  0.000000000000E+00  0.000000000000E+00  0.741471315504E+00  0.000000000000E+00
  0.000000000000E+00 -0.277809704180E+00  0.000000000000E+00  0.000000000000E+00
  0.000000000000E+00 -0.494626828436E+00  0.000000000000E+00  0.000000000000E+00
  0.750671099140E+00  0.768411870835E+01  0.277167944382E+00  0.000000000000E+00
  0.000000000000E+00  0.916250686570E-01  0.000000000000E+00  0.000000000000E+00
 -0.391912348707E+01  0.101557967258E+01  0.000000000000E+00  0.000000000000E+00
  0.337120271152E-14  0.000000000000E+00 -0.750671099140E+00 -0.768411870835E+01
 -0.277167944382E+00  0.000000000000E+00  0.000000000000E+00  0.916250686570E-01
  0.000000000000E+00  0.000000000000E+00 -0.391912348707E+01 -0.101557967258E+01
  0.000000000000E+00  0.000000000000E+00 -0.337120271152E-14  0.000000000000E+00
  0.129460543609E+01 -0.604430196516E+00  0.939570588195E-01  0.000000000000E+00
  0.000000000000E+00  0.378440373977E-01  0.000000000000E+00  0.000000000000E+00
  0.746413545908E+00 -0.114983754715E+01  0.000000000000E+00  0.000000000000E+00
 -0.221128381026E-15  0.000000000000E+00  0.129460543609E+01 -0.604430196516E+00
  0.939570588195E-01  0.000000000000E+00  0.000000000000E+00 -0.378440373977E-01
  0.000000000000E+00  0.000000000000E+00 -0.746413545908E+00 -0.114983754715E+01
  0.000000000000E+00  0.000000000000E+00 -0.221128381026E-15  0.000000000000E+00
  0.000000000000E+00  0.000000000000E+00  0.000000000000E+00 -0.110014114197E+01
  0.000000000000E+00  0.000000000000E+00 -0.485386160792E+00  0.000000000000E+00
  0.000000000000E+00  0.000000000000E+00  0.126302763288E+01  0.000000000000E+00
  0.000000000000E+00  0.000000000000E+00  0.000000000000E+00  0.000000000000E+00
  0.000000000000E+00  0.110014114197E+01  0.000000000000E+00  0.000000000000E+00
  0.485386160792E+00  0.000000000000E+00  0.000000000000E+00  0.000000000000E+00
  0.126302763288E+01  0.000000000000E+00  0.000000000000E+00  0.000000000000E+00
  0.000000000000E+00  0.000000000000E+00  0.000000000000E+00  0.000000000000E+00
 -0.110014114197E+01  0.000000000000E+00  0.000000000000E+00 -0.485386160792E+00
  0.000000000000E+00  0.000000000000E+00  0.000000000000E+00  0.126302763288E+01
  0.000000000000E+00  0.000000000000E+00  0.000000000000E+00  0.000000000000E+00
  0.000000000000E+00  0.000000000000E+00  0.110014114197E+01  0.000000000000E+00
  0.000000000000E+00  0.485386160792E+00  0.000000000000E+00  0.000000000000E+00
  0.000000000000E+00  0.126302763288E+01  0.000000000000E+00  0.000000000000E+00
  0.144328427263E+01  0.501670079627E+01 -0.484522503425E+00  0.000000000000E+00
  0.000000000000E+00 -0.184738865854E+01  0.000000000000E+00  0.000000000000E+00
 -0.201396651281E+01  0.966592578626E+00  0.000000000000E+00  0.000000000000E+00
  0.608755609562E-15  0.000000000000E+00 -0.144328427263E+01 -0.501670079627E+01
  0.484522503425E+00  0.000000000000E+00  0.000000000000E+00 -0.184738865854E+01
  0.000000000000E+00  0.000000000000E+00 -0.201396651281E+01 -0.966592578626E+00
  0.000000000000E+00  0.000000000000E+00 -0.608755609562E-15  0.000000000000E+00
 $END
 $KINETIC
  0.230434833235E+01  0.549119152183E+00  0.488760000000E+00  0.106346075822E+00
  0.184881428613E+00  0.154111500000E+00  0.000000000000E+00  0.000000000000E+00
  0.000000000000E+00  0.375000000000E+01  0.000000000000E+00  0.000000000000E+00
  0.000000000000E+00  0.000000000000E+00  0.375000000000E+01  0.000000000000E+00
  0.000000000000E+00  0.000000000000E+00 -0.616770855499E-32  0.789253940746E-32
  0.375000000000E+01  0.000000000000E+00  0.000000000000E+00  0.000000000000E+00
  0.858650103360E+00  0.000000000000E+00 -0.321942223099E-32  0.937500000000E+00
  0.000000000000E+00  0.000000000000E+00  0.000000000000E+00  0.000000000000E+00
  0.858650103360E+00  0.000000000000E+00  0.000000000000E+00  0.937500000000E+00
  0.000000000000E+00  0.000000000000E+00  0.000000000000E+00 -0.208759586893E-32
  0.113182636206E-32  0.858650103360E+00 -0.621136391276E-32 -0.269630192214E-32
  0.937500000000E+00  0.000000000000E+00  0.000000000000E+00  0.000000000000E+00
  0.000000000000E+00  0.000000000000E+00  0.000000000000E+00  0.000000000000E+00
  0.000000000000E+00  0.000000000000E+00  0.350000000000E+01  0.652908888579E-34
 -0.376435477755E-33  0.211174070093E-33  0.000000000000E+00  0.000000000000E+00
  0.000000000000E+00  0.000000000000E+00  0.000000000000E+00  0.000000000000E+00
  0.501789111399E-31  0.350000000000E+01  0.652908888579E-34 -0.376435477755E-33
  0.211174070093E-33  0.000000000000E+00  0.000000000000E+00  0.000000000000E+00
  0.000000000000E+00  0.000000000000E+00  0.000000000000E+00  0.722182615139E-31
  0.000000000000E+00  0.350000000000E+01 -0.822788862136E-18 -0.261804847703E-16
  0.463707978629E-17  0.000000000000E+00  0.000000000000E+00  0.000000000000E+00
  0.000000000000E+00  0.000000000000E+00  0.000000000000E+00  0.185653733068E-15
 -0.432139689007E-31  0.420185492193E-31  0.350000000000E+01  0.000000000000E+00
  0.000000000000E+00  0.000000000000E+00  0.000000000000E+00  0.000000000000E+00
  0.000000000000E+00  0.000000000000E+00  0.000000000000E+00  0.000000000000E+00
  0.185174570982E-47 -0.479820691669E-32 -0.244825540641E-31  0.000000000000E+00
  0.350000000000E+01  0.779726701918E-01  0.222040966661E+00  0.777925031159E-01
 -0.183422029855E-16 -0.183422029855E-16 -0.599101814442E+00 -0.193742463550E-16
 -0.193742463550E-16 -0.632810909022E+00  0.127254020286E+01  0.674812314716E-16
  0.674812314716E-16  0.603463909878E-17  0.413203370621E-32  0.230434833235E+01
  0.222040966661E+00  0.282441400869E+00  0.143110849817E+00 -0.789721223961E-17
 -0.789721223961E-17 -0.257942526616E+00 -0.130021403793E-16 -0.130021403793E-16
 -0.424682133275E+00  0.198912376874E+00  0.105480770794E-16  0.105480770794E-16
 -0.623825228511E-18  0.645883441624E-33  0.549119152183E+00  0.488760000000E+00
  0.777925031159E-01  0.143110849817E+00  0.130389293989E+00 -0.846124916775E-18
 -0.846124916775E-18 -0.276365370771E-01 -0.269889280654E-17 -0.269889280654E-17
 -0.881525288244E-01  0.884856247496E-02  0.469228312963E-18  0.469228312963E-18
 -0.421735279364E-16  0.287319475769E-34  0.106346075822E+00  0.184881428613E+00
  0.154111500000E+00  0.000000000000E+00  0.000000000000E+00  0.000000000000E+00
  0.373577128629E+00 -0.231111593326E-32 -0.321667922558E-16  0.370503455896E+00
 -0.154074395551E-32 -0.199248789980E-16  0.106479570977E-15 -0.140203788930E+01
  0.106745872496E-31 -0.429250303354E-16 -0.429250303354E-16  0.000000000000E+00
  0.000000000000E+00  0.000000000000E+00  0.375000000000E+01  0.224627201755E-32
  0.967129569143E-33  0.103620417101E-33 -0.196964795875E-32  0.373577128629E+00
 -0.321667922558E-16 -0.122004696441E-32  0.370503455896E+00 -0.199248789980E-16
  0.106479570977E-15  0.603615954043E-32 -0.140203788930E+01  0.429250303354E-16
 -0.429250303354E-16  0.000000000000E+00  0.000000000000E+00  0.000000000000E+00
  0.000000000000E+00  0.375000000000E+01  0.599101814442E+00  0.257942526616E+00
  0.276365370771E-01 -0.321667922558E-16 -0.321667922558E-16 -0.172771720559E+01
 -0.199248789980E-16 -0.199248789980E-16 -0.280292480103E+00  0.104948586128E+01
  0.985779662288E-16  0.985779662288E-16 -0.350548893430E-16  0.866455959061E-32
  0.000000000000E+00  0.000000000000E+00  0.000000000000E+00  0.000000000000E+00
  0.000000000000E+00  0.375000000000E+01  0.000000000000E+00  0.000000000000E+00
  0.000000000000E+00  0.370503455896E+00  0.000000000000E+00  0.000000000000E+00
  0.559002754520E+00  0.000000000000E+00 -0.906875362507E-17  0.231085707885E-16
 -0.543924780420E+00 -0.740698283929E-49 -0.166528935329E-16 -0.166528935329E-16
  0.000000000000E+00  0.000000000000E+00  0.000000000000E+00  0.858650103360E+00
  0.000000000000E+00  0.000000000000E+00  0.937500000000E+00  0.237266087845E-32
  0.159230295975E-32  0.330519043677E-33  0.000000000000E+00  0.370503455896E+00
 -0.244009392883E-32 -0.555301004960E-33  0.559002754520E+00 -0.906875362507E-17
  0.231085707885E-16  0.308009333429E-32 -0.543924780420E+00  0.166528935329E-16
 -0.166528935329E-16  0.000000000000E+00  0.000000000000E+00  0.000000000000E+00
  0.000000000000E+00  0.858650103360E+00  0.000000000000E+00  0.000000000000E+00
  0.937500000000E+00  0.632810909022E+00  0.424682133275E+00  0.881525288244E-01
  0.000000000000E+00 -0.244009392883E-32 -0.280292480103E+00 -0.906875362507E-17
 -0.906875362507E-17 -0.334131898246E-01 -0.187322153869E+00  0.671943163005E-17
  0.671943163005E-17  0.274685111690E-16  0.143114215997E-32  0.000000000000E+00
  0.000000000000E+00  0.000000000000E+00  0.000000000000E+00  0.000000000000E+00
  0.858650103360E+00  0.000000000000E+00  0.000000000000E+00  0.937500000000E+00
  0.127254020286E+01  0.198912376874E+00  0.884856247496E-02  0.000000000000E+00
 -0.130399865771E-31 -0.104948586128E+01  0.000000000000E+00 -0.282998372490E-32
  0.187322153869E+00 -0.357511425941E+00  0.337914401031E-16  0.337914401031E-16
 -0.124793755253E-16  0.682989388921E-32  0.000000000000E+00  0.000000000000E+00
  0.000000000000E+00  0.000000000000E+00  0.000000000000E+00  0.000000000000E+00
  0.000000000000E+00  0.000000000000E+00  0.000000000000E+00  0.350000000000E+01
  0.000000000000E+00  0.000000000000E+00  0.000000000000E+00  0.140203788930E+01
  0.000000000000E+00  0.000000000000E+00  0.543924780420E+00  0.000000000000E+00
  0.000000000000E+00  0.337914401031E-16 -0.163196848921E+01  0.462223186653E-32
 -0.398107871854E-16 -0.398107871854E-16  0.000000000000E+00  0.000000000000E+00
  0.000000000000E+00  0.000000000000E+00  0.000000000000E+00  0.000000000000E+00
  0.000000000000E+00  0.000000000000E+00  0.000000000000E+00  0.000000000000E+00
  0.350000000000E+01  0.826406741242E-32  0.129176688325E-32  0.574638951539E-34
  0.000000000000E+00  0.140203788930E+01 -0.120723190809E-31  0.000000000000E+00
  0.543924780420E+00 -0.822893043782E-33  0.337914401031E-16  0.462223186653E-32
 -0.163196848921E+01  0.398107871854E-16 -0.398107871854E-16  0.000000000000E+00
  0.000000000000E+00  0.000000000000E+00  0.000000000000E+00  0.000000000000E+00
  0.000000000000E+00  0.000000000000E+00  0.000000000000E+00  0.000000000000E+00
  0.000000000000E+00  0.000000000000E+00  0.350000000000E+01  0.603463909878E-17
 -0.623825228511E-18 -0.421735279364E-16  0.000000000000E+00 -0.525680010036E-32
  0.350548893430E-16  0.000000000000E+00 -0.203939127617E-32 -0.274685111690E-16
  0.133797142416E-17 -0.398107871854E-16  0.398107871854E-16  0.968669488245E+00
  0.126591721644E-33 -0.822788862136E-18 -0.261804847703E-16  0.463707978629E-17
  0.000000000000E+00  0.000000000000E+00  0.000000000000E+00  0.000000000000E+00
  0.000000000000E+00  0.000000000000E+00  0.185653733068E-15  0.000000000000E+00
  0.000000000000E+00  0.350000000000E+01  0.000000000000E+00  0.000000000000E+00
  0.000000000000E+00  0.525680010036E-32  0.000000000000E+00  0.000000000000E+00
  0.203939127617E-32  0.000000000000E+00  0.000000000000E+00  0.621827469577E-32
 -0.398107871854E-16 -0.398107871854E-16 -0.126591721644E-33  0.968669488245E+00
  0.000000000000E+00  0.000000000000E+00  0.000000000000E+00  0.000000000000E+00
  0.000000000000E+00  0.000000000000E+00  0.000000000000E+00  0.000000000000E+00
  0.000000000000E+00  0.000000000000E+00  0.000000000000E+00  0.000000000000E+00
  0.000000000000E+00  0.350000000000E+01
 $END
 $NUCLEAR
 -0.283023797940E+01 -0.156198410371E+01 -0.154999205749E+01 -0.777427392116E+00
 -0.103828464035E+01 -0.962833425701E+00  0.649608914941E-17  0.664021650393E-17
  0.373436027005E-17 -0.196126482063E+01  0.649608914941E-17  0.664021650393E-17
  0.373436027005E-17  0.000000000000E+00 -0.196126482063E+01  0.212178373517E+00
  0.216885930165E+00  0.121973462802E+00 -0.549098286084E-17 -0.549098286084E-17
 -0.214061393140E+01  0.393220838021E-17  0.774567495523E-17  0.597675349545E-17
 -0.945775388632E+00 -0.255501589282E-33 -0.417265760968E-17 -0.116039290002E+01
  0.393220838021E-17  0.774567495523E-17  0.597675349545E-17  0.000000000000E+00
 -0.945775388632E+00 -0.417265760968E-17  0.000000000000E+00 -0.116039290002E+01
  0.128435672488E+00  0.252992943292E+00  0.195215583778E+00 -0.417265760968E-17
 -0.417265760968E-17 -0.108206472896E+01 -0.648088600110E-17 -0.648088600110E-17
 -0.137207470103E+01 -0.103658639970E+00 -0.175872593328E+00 -0.114719037193E+00
  0.187139030843E-17  0.187139030843E-17  0.298167909843E+00  0.283593931533E-17
  0.283593931533E-17  0.336493672397E+00 -0.175950393833E+01 -0.549688934161E-17
 -0.932630588268E-17 -0.608340851287E-17  0.136857223071E+00  0.444457170340E-34
  0.116214311037E-16  0.140795445394E+00  0.161509364998E-33  0.135332255582E-16
 -0.118584536214E-16 -0.153588088570E+01 -0.549688934161E-17 -0.932630588268E-17
 -0.608340851287E-17  0.667161703099E-33  0.136857223071E+00  0.116214311037E-16
  0.667161703099E-33  0.140795445394E+00  0.135332255582E-16 -0.118584536214E-16
 -0.924446373306E-32 -0.153588088570E+01  0.317741569469E-16 -0.511797894031E-16
  0.444427040941E-16  0.419004400436E-17 -0.419004400436E-17 -0.209764045476E-17
  0.431061728842E-17 -0.431061728842E-17  0.116750116444E-17 -0.357851363906E-17
 -0.353042550871E-17  0.353042550871E-17 -0.142056843770E+01 -0.336587396874E-33
 -0.571071532354E-33 -0.372501338160E-33  0.419004400436E-17  0.419004400436E-17
  0.455041221222E-33  0.431061728842E-17  0.431061728842E-17  0.564721884867E-33
 -0.601311467624E-33 -0.353042550871E-17 -0.353042550871E-17  0.216176214944E-33
 -0.142056843770E+01 -0.722981675781E+00 -0.982319248145E+00 -0.659918195879E+00
  0.322152441058E-16  0.322152441058E-16  0.105222972463E+01  0.395764481977E-16
  0.395764481977E-16  0.129266489653E+01 -0.135473957461E+01 -0.718401623874E-16
 -0.718401623874E-16 -0.176346383108E-16 -0.367820934650E-32 -0.283023797940E+01
 -0.982319248145E+00 -0.120417309789E+01 -0.925513572723E+00  0.188321419241E-16
  0.188321419241E-16  0.615104434592E+00  0.296329183533E-16  0.296329183533E-16
  0.967884564723E+00 -0.489372459802E+00 -0.259508156690E-16 -0.259508156690E-16
 -0.396093968737E-16 -0.585966711900E-33 -0.156198410371E+01 -0.154999205749E+01
 -0.659918195879E+00 -0.925513572723E+00 -0.896965401523E+00  0.662112377489E-17
  0.662112377489E-17  0.216262314310E+00  0.132243467593E-16  0.132243467593E-16
  0.431939944431E+00 -0.162057396978E+00 -0.859370312436E-17 -0.859370312436E-17
 -0.654060616177E-17 -0.385290851620E-33 -0.777427392116E+00 -0.103828464035E+01
 -0.962833425701E+00  0.000000000000E+00  0.000000000000E+00  0.000000000000E+00
 -0.480242355813E+00  0.000000000000E+00  0.243287458896E-16 -0.551866737576E+00
  0.000000000000E+00  0.240615292272E-16 -0.613687680760E-16  0.955783552324E+00
  0.000000000000E+00  0.292624317008E-16  0.292624317008E-16  0.000000000000E+00
  0.000000000000E+00  0.000000000000E+00 -0.196126482063E+01 -0.286865398655E-32
 -0.193487716088E-33 -0.304109328209E-33 -0.187237883674E-33 -0.480242355813E+00
  0.243287458896E-16 -0.263375420491E-33 -0.551866737576E+00  0.240615292272E-16
 -0.613687680760E-16  0.783848440254E-34  0.955783552324E+00 -0.292624317008E-16
  0.292624317008E-16 -0.795541478380E-33 -0.813191988719E-33 -0.457327235157E-33
  0.000000000000E+00 -0.196126482063E+01 -0.105222972463E+01 -0.615104434592E+00
 -0.216262314310E+00  0.243287458896E-16  0.243287458896E-16  0.110903193334E+01
  0.240615292272E-16  0.240615292272E-16  0.234042448452E+00 -0.348990406857E+00
 -0.477689609040E-16 -0.477689609040E-16 -0.174213188973E-16  0.845425355575E-34
 -0.212178373517E+00 -0.216885930165E+00 -0.121973462802E+00  0.000000000000E+00
 -0.672451458470E-33 -0.214061393140E+01  0.000000000000E+00  0.000000000000E+00
  0.000000000000E+00 -0.551866737576E+00  0.000000000000E+00  0.000000000000E+00
 -0.847231688535E+00  0.000000000000E+00  0.110918164069E-16 -0.235873462156E-16
  0.553704709234E+00  0.740698283929E-49  0.169523174959E-16  0.169523174959E-16
  0.000000000000E+00  0.000000000000E+00  0.000000000000E+00 -0.945775388632E+00
  0.000000000000E+00  0.000000000000E+00 -0.116039290002E+01 -0.446081952013E-32
 -0.502012763040E-34 -0.375351151516E-33  0.000000000000E+00 -0.551866737576E+00
 -0.526750840982E-33 -0.142909324600E-33 -0.847231688535E+00  0.110918164069E-16
 -0.235873462156E-16 -0.157096522763E-33  0.553704709234E+00 -0.169523174959E-16
  0.169523174959E-16 -0.481556640641E-33 -0.948571604116E-33 -0.731941203750E-33
  0.000000000000E+00 -0.945775388632E+00 -0.511003178563E-33  0.000000000000E+00
 -0.116039290002E+01 -0.129266489653E+01 -0.967884564723E+00 -0.431939944431E+00
  0.000000000000E+00 -0.266269886330E-33  0.234042448452E+00  0.110918164069E-16
  0.110918164069E-16 -0.122659254125E+00  0.188623495275E+00 -0.694984706937E-17
 -0.694984706937E-17  0.154777410573E-16 -0.225920644683E-33 -0.128435672488E+00
 -0.252992943292E+00 -0.195215583778E+00  0.000000000000E+00 -0.511003178563E-33
 -0.108206472896E+01  0.000000000000E+00 -0.793679629688E-33 -0.137207470103E+01
 -0.135473957461E+01 -0.489372459802E+00 -0.162057396978E+00  0.000000000000E+00
 -0.150898728488E-32  0.348990406857E+00  0.000000000000E+00 -0.820268909173E-33
 -0.188623495275E+00  0.171347753655E+00 -0.130224538910E-16 -0.130224538910E-16
  0.510694209869E-16  0.126367378315E-33 -0.103658639970E+00 -0.175872593328E+00
 -0.114719037193E+00  0.000000000000E+00 -0.229179215117E-33 -0.298167909843E+00
  0.000000000000E+00 -0.347302400509E-33 -0.336493672397E+00 -0.175950393833E+01
  0.000000000000E+00  0.000000000000E+00  0.000000000000E+00 -0.955783552324E+00
  0.000000000000E+00  0.000000000000E+00 -0.553704709234E+00  0.000000000000E+00
  0.000000000000E+00 -0.130224538910E-16  0.662494573436E+00 -0.231111593326E-32
  0.189127543419E-16  0.189127543419E-16  0.000000000000E+00  0.000000000000E+00
  0.000000000000E+00 -0.136857223071E+00  0.000000000000E+00  0.000000000000E+00
 -0.140795445394E+00  0.000000000000E+00  0.000000000000E+00  0.000000000000E+00
 -0.153588088570E+01 -0.735641869300E-32 -0.117193342380E-32 -0.770581703240E-33
  0.000000000000E+00 -0.955783552324E+00 -0.156769688051E-33  0.000000000000E+00
 -0.553704709234E+00  0.314193045526E-33 -0.130224538910E-16  0.000000000000E+00
  0.662494573436E+00 -0.189127543419E-16  0.189127543419E-16 -0.673174793747E-33
 -0.114214306471E-32 -0.745002676320E-33  0.000000000000E+00 -0.136857223071E+00
 -0.142321484027E-32  0.000000000000E+00 -0.140795445394E+00 -0.165734213619E-32
 -0.145224172703E-32  0.000000000000E+00 -0.153588088570E+01 -0.176346383108E-16
 -0.396093968737E-16 -0.654060616177E-17  0.000000000000E+00 -0.123153830642E-34
  0.174213188973E-16  0.000000000000E+00  0.137648243840E-33 -0.154777410573E-16
  0.380623564284E-17  0.189127543419E-16 -0.189127543419E-16 -0.572980298506E+00
  0.751777307670E-34  0.317741569469E-16 -0.511797894031E-16  0.444427040941E-16
  0.000000000000E+00  0.513132397822E-33  0.209764045476E-17  0.000000000000E+00
  0.527898366461E-33 -0.116750116444E-17 -0.357851363906E-17  0.000000000000E+00
  0.432352429887E-33 -0.142056843770E+01  0.000000000000E+00  0.000000000000E+00
  0.000000000000E+00  0.123153830642E-34  0.000000000000E+00  0.000000000000E+00
 -0.137648243840E-33  0.000000000000E+00  0.000000000000E+00 -0.434930414562E-32
  0.189127543419E-16  0.189127543419E-16 -0.238629366403E-32 -0.572980298506E+00
  0.000000000000E+00  0.000000000000E+00  0.000000000000E+00 -0.513132397822E-33
  0.000000000000E+00  0.000000000000E+00 -0.527898366461E-33  0.000000000000E+00
  0.000000000000E+00  0.000000000000E+00 -0.432352429887E-33  0.000000000000E+00
  0.000000000000E+00 -0.142056843770E+01
 $END
 $DIPOLE
  0.000000000000E+00  0.000000000000E+00  0.000000000000E+00  0.000000000000E+00
  0.000000000000E+00  0.000000000000E+00  0.219633256689E+00  0.237879346219E+00
  0.138646753841E+00  0.000000000000E+00  0.000000000000E+00  0.000000000000E+00
  0.000000000000E+00  0.000000000000E+00  0.000000000000E+00  0.000000000000E+00
  0.000000000000E+00  0.000000000000E+00  0.000000000000E+00  0.000000000000E+00
  0.000000000000E+00  0.147556794070E+00  0.460671492452E+00  0.505256370559E+00
  0.000000000000E+00  0.000000000000E+00  0.000000000000E+00  0.000000000000E+00
  0.000000000000E+00  0.000000000000E+00  0.000000000000E+00  0.000000000000E+00
  0.000000000000E+00  0.000000000000E+00  0.000000000000E+00  0.000000000000E+00
  0.000000000000E+00  0.000000000000E+00  0.000000000000E+00  0.000000000000E+00
  0.000000000000E+00  0.000000000000E+00  0.000000000000E+00  0.000000000000E+00
  0.000000000000E+00  0.000000000000E+00  0.000000000000E+00  0.000000000000E+00
 -0.116128701371E+00  0.000000000000E+00  0.000000000000E+00 -0.166377719452E+00
  0.000000000000E+00  0.000000000000E+00  0.000000000000E+00  0.000000000000E+00
  0.000000000000E+00  0.000000000000E+00  0.000000000000E+00  0.000000000000E+00
  0.201140810992E+00  0.000000000000E+00  0.000000000000E+00  0.288174663338E+00
  0.000000000000E+00  0.000000000000E+00  0.000000000000E+00  0.000000000000E+00
  0.000000000000E+00  0.000000000000E+00  0.000000000000E+00  0.000000000000E+00
  0.000000000000E+00  0.000000000000E+00  0.000000000000E+00  0.000000000000E+00
  0.000000000000E+00  0.000000000000E+00  0.000000000000E+00  0.000000000000E+00
  0.000000000000E+00  0.201140810992E+00  0.000000000000E+00  0.000000000000E+00
  0.288174663338E+00  0.000000000000E+00  0.000000000000E+00  0.000000000000E+00
  0.000000000000E+00  0.000000000000E+00  0.000000000000E+00  0.000000000000E+00
  0.000000000000E+00  0.000000000000E+00  0.000000000000E+00  0.201140810992E+00
  0.000000000000E+00  0.000000000000E+00  0.288174663338E+00  0.000000000000E+00
  0.000000000000E+00  0.000000000000E+00  0.000000000000E+00  0.000000000000E+00
  0.000000000000E+00  0.619111203487E-17  0.153170219267E-16  0.129232549371E-16
  0.598027476857E-01  0.000000000000E+00 -0.842703565690E-17  0.852269016445E-01
  0.000000000000E+00 -0.195704144802E-16  0.823835819390E-17 -0.115159137838E+00
  0.000000000000E+00  0.705146347728E-17  0.000000000000E+00  0.449655687281E-16
  0.397516992959E-17  0.164283648892E-16  0.232049631586E-16  0.142061932873E+00
  0.000000000000E+00 -0.194818766348E-17  0.329289592886E+00  0.000000000000E+00
 -0.117645389268E-16 -0.331311362867E-17 -0.135510905750E+00  0.000000000000E+00
  0.829764984880E-17  0.000000000000E+00  0.317626534356E-16  0.449655687281E-16
  0.107333777088E-17  0.731678467922E-17  0.203651273475E-16  0.115210460438E+00
  0.000000000000E+00 -0.178946469779E-18  0.432578313011E+00  0.000000000000E+00
 -0.225406688132E-17 -0.156514511073E-17 -0.459672167211E-01  0.000000000000E+00
  0.281468024116E-17  0.000000000000E+00  0.168020125943E-16  0.354761802385E-16
  0.449655687281E-16  0.598027476857E-01  0.142061932873E+00  0.115210460438E+00
  0.530393978370E-17  0.000000000000E+00 -0.866199101226E-01  0.202223903760E-16
  0.000000000000E+00 -0.188718112871E+00  0.901961035118E-01 -0.179261583067E-16
  0.000000000000E+00  0.633430525649E-01  0.000000000000E+00  0.219633256689E+00
  0.237879346219E+00  0.138646753841E+00  0.449655687281E-16  0.000000000000E+00
  0.000000000000E+00  0.000000000000E+00  0.000000000000E+00  0.530393978370E-17
  0.000000000000E+00  0.000000000000E+00  0.115556516435E-16  0.000000000000E+00
  0.000000000000E+00  0.000000000000E+00 -0.134446187300E-16  0.000000000000E+00
  0.633430525649E-01  0.000000000000E+00  0.000000000000E+00  0.000000000000E+00
  0.000000000000E+00  0.449655687281E-16  0.940523851259E-17  0.896845536220E-17
  0.261258606270E-17  0.866199101226E-01  0.000000000000E+00 -0.100170204331E-16
  0.471795282178E-01  0.000000000000E+00 -0.179621028017E-17 -0.276170684676E-17
 -0.830351384299E-01  0.000000000000E+00  0.896307915333E-17  0.000000000000E+00
  0.000000000000E+00  0.000000000000E+00  0.000000000000E+00  0.000000000000E+00
  0.000000000000E+00  0.449655687281E-16  0.852269016445E-01  0.329289592886E+00
  0.432578313011E+00 -0.577782582173E-17  0.000000000000E+00 -0.471795282178E-01
  0.156688534103E-16  0.000000000000E+00 -0.255891795433E+00 -0.596414230613E-01
  0.274056373858E-17  0.000000000000E+00  0.170437178544E+00  0.000000000000E+00
  0.147556794070E+00  0.460671492452E+00  0.505256370559E+00  0.257397934907E-16
  0.000000000000E+00  0.000000000000E+00  0.449655687281E-16  0.000000000000E+00
  0.000000000000E+00  0.000000000000E+00  0.000000000000E+00  0.288891291086E-17
  0.000000000000E+00  0.000000000000E+00  0.156688534103E-16  0.000000000000E+00
  0.000000000000E+00  0.000000000000E+00 -0.411084560787E-17  0.000000000000E+00
  0.170437178544E+00  0.000000000000E+00  0.000000000000E+00  0.000000000000E+00
  0.000000000000E+00  0.257397934907E-16  0.000000000000E+00  0.000000000000E+00
  0.449655687281E-16  0.572688711923E-17  0.135394736605E-16  0.822724209902E-17
  0.188718112871E+00  0.000000000000E+00 -0.449052570043E-18  0.255891795433E+00
  0.000000000000E+00  0.435359109910E-17 -0.858283945651E-17 -0.859003096560E-02
  0.000000000000E+00  0.109622549543E-16  0.000000000000E+00  0.000000000000E+00
  0.000000000000E+00  0.000000000000E+00  0.000000000000E+00  0.000000000000E+00
  0.257397934907E-16  0.000000000000E+00  0.000000000000E+00  0.449655687281E-16
  0.126887185853E-16  0.932519722254E-17  0.220818566352E-17  0.901961035118E-01
  0.000000000000E+00 -0.678358903873E-17 -0.596414230613E-01  0.000000000000E+00
 -0.318984561577E-18 -0.284550378093E-17  0.869466894749E-01  0.000000000000E+00
  0.954372540551E-17  0.000000000000E+00  0.000000000000E+00  0.000000000000E+00
  0.000000000000E+00 -0.116128701371E+00  0.000000000000E+00  0.000000000000E+00
 -0.166377719452E+00  0.000000000000E+00  0.000000000000E+00  0.449655687281E-16
  0.115159137838E+00  0.135510905750E+00  0.459672167211E-01  0.448153957667E-17
  0.000000000000E+00 -0.830351384299E-01  0.178136643008E-16  0.000000000000E+00
 -0.859003096560E-02 -0.869466894749E-01 -0.794636133234E-17  0.000000000000E+00
  0.140185006313E+00  0.000000000000E+00  0.000000000000E+00  0.000000000000E+00
  0.000000000000E+00  0.000000000000E+00  0.000000000000E+00  0.201140810992E+00
  0.000000000000E+00  0.000000000000E+00  0.288174663338E+00  0.000000000000E+00
  0.449655687281E-16  0.000000000000E+00  0.000000000000E+00  0.000000000000E+00
  0.000000000000E+00  0.896307915333E-17  0.000000000000E+00  0.000000000000E+00
  0.109622549543E-16  0.000000000000E+00  0.000000000000E+00  0.000000000000E+00
 -0.794636133234E-17  0.000000000000E+00  0.140185006313E+00  0.000000000000E+00
  0.000000000000E+00  0.000000000000E+00  0.000000000000E+00  0.000000000000E+00
  0.000000000000E+00  0.000000000000E+00  0.000000000000E+00  0.000000000000E+00
  0.000000000000E+00  0.000000000000E+00  0.449655687281E-16 -0.705146347728E-17
 -0.829764984880E-17 -0.281468024116E-17  0.633430525649E-01  0.000000000000E+00
  0.896307915333E-17  0.170437178544E+00  0.000000000000E+00  0.109622549543E-16
 -0.954372540551E-17 -0.140185006313E+00  0.000000000000E+00  0.858385596348E-17
  0.000000000000E+00 -0.941656881178E-33 -0.138691205753E-32 -0.137728511179E-32
  0.201140810992E+00  0.000000000000E+00  0.000000000000E+00  0.288174663338E+00
  0.000000000000E+00  0.000000000000E+00 -0.505828439465E-33  0.000000000000E+00
  0.000000000000E+00  0.449655687281E-16  0.000000000000E+00  0.000000000000E+00
  0.000000000000E+00  0.000000000000E+00  0.633430525649E-01  0.000000000000E+00
  0.000000000000E+00  0.170437178544E+00  0.000000000000E+00  0.000000000000E+00
  0.000000000000E+00 -0.140185006313E+00  0.000000000000E+00  0.858385596348E-17
  0.000000000000E+00  0.000000000000E+00  0.000000000000E+00  0.000000000000E+00
  0.201140810992E+00  0.000000000000E+00  0.000000000000E+00  0.288174663338E+00
  0.000000000000E+00  0.000000000000E+00  0.000000000000E+00  0.000000000000E+00
  0.000000000000E+00  0.449655687281E-16
  0.000000000000E+00  0.000000000000E+00  0.000000000000E+00  0.000000000000E+00
  0.000000000000E+00  0.000000000000E+00  0.000000000000E+00  0.000000000000E+00
  0.000000000000E+00  0.000000000000E+00  0.219633256689E+00  0.237879346219E+00
  0.138646753841E+00  0.000000000000E+00  0.000000000000E+00  0.000000000000E+00
  0.000000000000E+00  0.000000000000E+00  0.000000000000E+00  0.000000000000E+00
  0.000000000000E+00  0.000000000000E+00  0.000000000000E+00  0.000000000000E+00
  0.000000000000E+00  0.000000000000E+00  0.000000000000E+00  0.000000000000E+00
  0.147556794070E+00  0.460671492452E+00  0.505256370559E+00  0.000000000000E+00
  0.000000000000E+00  0.000000000000E+00  0.000000000000E+00  0.000000000000E+00
  0.000000000000E+00  0.000000000000E+00  0.000000000000E+00  0.000000000000E+00
  0.000000000000E+00  0.000000000000E+00  0.000000000000E+00  0.000000000000E+00
  0.000000000000E+00  0.000000000000E+00  0.000000000000E+00  0.000000000000E+00
  0.000000000000E+00 -0.116128701371E+00  0.000000000000E+00  0.000000000000E+00
 -0.166377719452E+00  0.000000000000E+00  0.000000000000E+00  0.000000000000E+00
  0.000000000000E+00  0.000000000000E+00  0.000000000000E+00  0.000000000000E+00
  0.000000000000E+00  0.000000000000E+00  0.000000000000E+00  0.000000000000E+00
  0.000000000000E+00  0.000000000000E+00  0.000000000000E+00  0.000000000000E+00
  0.000000000000E+00  0.000000000000E+00  0.000000000000E+00  0.201140810992E+00
  0.000000000000E+00  0.000000000000E+00  0.288174663338E+00  0.000000000000E+00
  0.000000000000E+00  0.000000000000E+00  0.000000000000E+00  0.000000000000E+00
  0.000000000000E+00  0.000000000000E+00 -0.201140810992E+00  0.000000000000E+00
  0.000000000000E+00 -0.288174663338E+00  0.000000000000E+00  0.000000000000E+00
  0.000000000000E+00  0.000000000000E+00  0.000000000000E+00  0.000000000000E+00
  0.000000000000E+00  0.000000000000E+00  0.201140810992E+00  0.000000000000E+00
  0.000000000000E+00  0.288174663338E+00  0.000000000000E+00  0.000000000000E+00
  0.000000000000E+00  0.000000000000E+00  0.000000000000E+00  0.000000000000E+00
  0.000000000000E+00  0.000000000000E+00  0.000000000000E+00  0.000000000000E+00
  0.000000000000E+00  0.598027476857E-01  0.000000000000E+00  0.000000000000E+00
  0.852269016445E-01  0.000000000000E+00  0.000000000000E+00  0.000000000000E+00
 -0.115159137838E+00  0.000000000000E+00  0.705146347728E-17  0.000000000000E+00
  0.000000000000E+00  0.000000000000E+00  0.000000000000E+00  0.000000000000E+00
  0.142061932873E+00  0.000000000000E+00  0.000000000000E+00  0.329289592886E+00
  0.000000000000E+00  0.000000000000E+00  0.000000000000E+00 -0.135510905750E+00
  0.000000000000E+00  0.829764984880E-17  0.000000000000E+00  0.000000000000E+00
  0.000000000000E+00  0.000000000000E+00  0.000000000000E+00  0.000000000000E+00
  0.115210460438E+00  0.000000000000E+00  0.000000000000E+00  0.432578313011E+00
  0.000000000000E+00  0.000000000000E+00  0.000000000000E+00 -0.459672167211E-01
  0.000000000000E+00  0.281468024116E-17  0.000000000000E+00  0.000000000000E+00
  0.000000000000E+00  0.000000000000E+00  0.000000000000E+00  0.000000000000E+00
  0.000000000000E+00 -0.530393978370E-17  0.000000000000E+00  0.000000000000E+00
 -0.288891291086E-17  0.000000000000E+00  0.000000000000E+00  0.000000000000E+00
  0.896307915333E-17  0.000000000000E+00  0.633430525649E-01  0.000000000000E+00
  0.000000000000E+00  0.000000000000E+00  0.000000000000E+00  0.598027476857E-01
  0.142061932873E+00  0.115210460438E+00  0.530393978370E-17  0.000000000000E+00
 -0.866199101226E-01  0.115556516435E-16  0.000000000000E+00 -0.188718112871E+00
  0.901961035118E-01 -0.134446187300E-16  0.000000000000E+00 -0.633430525649E-01
  0.000000000000E+00  0.219633256689E+00  0.237879346219E+00  0.138646753841E+00
  0.000000000000E+00  0.000000000000E+00  0.000000000000E+00  0.000000000000E+00
  0.000000000000E+00  0.000000000000E+00  0.866199101226E-01  0.000000000000E+00
  0.000000000000E+00  0.471795282178E-01  0.000000000000E+00  0.000000000000E+00
  0.000000000000E+00 -0.830351384299E-01  0.000000000000E+00  0.896307915333E-17
  0.000000000000E+00  0.000000000000E+00  0.000000000000E+00  0.000000000000E+00
  0.000000000000E+00  0.000000000000E+00  0.000000000000E+00  0.000000000000E+00
  0.000000000000E+00  0.000000000000E+00 -0.115556516435E-16  0.000000000000E+00
  0.000000000000E+00 -0.156688534103E-16  0.000000000000E+00  0.000000000000E+00
  0.000000000000E+00  0.109622549543E-16  0.000000000000E+00  0.170437178544E+00
  0.000000000000E+00  0.000000000000E+00  0.000000000000E+00  0.000000000000E+00
  0.000000000000E+00  0.000000000000E+00  0.000000000000E+00  0.852269016445E-01
  0.329289592886E+00  0.432578313011E+00  0.288891291086E-17  0.000000000000E+00
 -0.471795282178E-01  0.156688534103E-16  0.000000000000E+00 -0.255891795433E+00
 -0.596414230613E-01 -0.411084560787E-17  0.000000000000E+00 -0.170437178544E+00
  0.000000000000E+00  0.147556794070E+00  0.460671492452E+00  0.505256370559E+00
  0.000000000000E+00  0.000000000000E+00  0.000000000000E+00  0.000000000000E+00
  0.000000000000E+00  0.000000000000E+00  0.000000000000E+00  0.000000000000E+00
  0.000000000000E+00  0.188718112871E+00  0.000000000000E+00  0.000000000000E+00
  0.255891795433E+00  0.000000000000E+00  0.000000000000E+00  0.000000000000E+00
 -0.859003096560E-02  0.000000000000E+00  0.109622549543E-16  0.000000000000E+00
  0.000000000000E+00  0.000000000000E+00  0.000000000000E+00  0.000000000000E+00
  0.000000000000E+00  0.000000000000E+00  0.000000000000E+00  0.000000000000E+00
  0.000000000000E+00  0.000000000000E+00  0.000000000000E+00  0.000000000000E+00
  0.901961035118E-01  0.000000000000E+00  0.000000000000E+00 -0.596414230613E-01
  0.000000000000E+00  0.000000000000E+00  0.000000000000E+00  0.869466894749E-01
  0.000000000000E+00  0.954372540551E-17  0.000000000000E+00  0.000000000000E+00
  0.000000000000E+00  0.000000000000E+00 -0.116128701371E+00  0.000000000000E+00
  0.000000000000E+00 -0.166377719452E+00  0.000000000000E+00  0.000000000000E+00
  0.000000000000E+00  0.000000000000E+00  0.000000000000E+00  0.000000000000E+00
 -0.134446187300E-16  0.000000000000E+00  0.000000000000E+00 -0.411084560787E-17
  0.000000000000E+00  0.000000000000E+00  0.000000000000E+00  0.794636133234E-17
  0.000000000000E+00  0.140185006313E+00  0.000000000000E+00  0.000000000000E+00
  0.000000000000E+00  0.000000000000E+00  0.000000000000E+00  0.000000000000E+00
  0.000000000000E+00  0.000000000000E+00  0.000000000000E+00  0.000000000000E+00
  0.000000000000E+00  0.115159137838E+00  0.135510905750E+00  0.459672167211E-01
  0.896307915333E-17  0.000000000000E+00 -0.830351384299E-01  0.109622549543E-16
  0.000000000000E+00 -0.859003096560E-02 -0.869466894749E-01 -0.794636133234E-17
  0.000000000000E+00 -0.140185006313E+00  0.000000000000E+00  0.000000000000E+00
  0.000000000000E+00  0.000000000000E+00  0.000000000000E+00  0.000000000000E+00
  0.201140810992E+00  0.000000000000E+00  0.000000000000E+00  0.288174663338E+00
  0.000000000000E+00  0.000000000000E+00  0.000000000000E+00  0.000000000000E+00
  0.000000000000E+00  0.000000000000E+00  0.000000000000E+00 -0.633430525649E-01
  0.000000000000E+00  0.000000000000E+00 -0.170437178544E+00  0.000000000000E+00
  0.000000000000E+00  0.000000000000E+00  0.140185006313E+00  0.000000000000E+00
 -0.171677119270E-16  0.000000000000E+00  0.000000000000E+00  0.000000000000E+00
  0.000000000000E+00 -0.201140810992E+00  0.000000000000E+00  0.000000000000E+00
 -0.288174663338E+00  0.000000000000E+00  0.000000000000E+00  0.000000000000E+00
  0.000000000000E+00  0.000000000000E+00 -0.705146347728E-17 -0.829764984880E-17
 -0.281468024116E-17  0.633430525649E-01  0.000000000000E+00  0.896307915333E-17
  0.170437178544E+00  0.000000000000E+00  0.109622549543E-16 -0.954372540551E-17
 -0.140185006313E+00  0.000000000000E+00  0.171677119270E-16  0.000000000000E+00
  0.000000000000E+00  0.000000000000E+00  0.000000000000E+00  0.201140810992E+00
  0.000000000000E+00  0.000000000000E+00  0.288174663338E+00  0.000000000000E+00
  0.000000000000E+00  0.000000000000E+00  0.000000000000E+00  0.000000000000E+00
  0.000000000000E+00  0.000000000000E+00
  0.367171732776E+00  0.259361747874E+00  0.367171732776E+00  0.137198844647E+00
  0.289684995406E+00  0.367171732776E+00  0.000000000000E+00  0.000000000000E+00
  0.000000000000E+00  0.367171732776E+00  0.000000000000E+00  0.000000000000E+00
  0.000000000000E+00  0.000000000000E+00  0.367171732776E+00  0.219633256689E+00
  0.237879346219E+00  0.138646753841E+00  0.000000000000E+00  0.000000000000E+00
  0.367171732776E+00  0.000000000000E+00  0.000000000000E+00  0.000000000000E+00
  0.210181364199E+00  0.000000000000E+00  0.000000000000E+00  0.367171732776E+00
  0.000000000000E+00  0.000000000000E+00  0.000000000000E+00  0.000000000000E+00
  0.210181364199E+00  0.000000000000E+00  0.000000000000E+00  0.367171732776E+00
  0.147556794070E+00  0.460671492452E+00  0.505256370559E+00  0.000000000000E+00
  0.000000000000E+00  0.210181364199E+00  0.000000000000E+00  0.000000000000E+00
  0.367171732776E+00  0.000000000000E+00  0.000000000000E+00  0.000000000000E+00
  0.000000000000E+00  0.000000000000E+00  0.232257402742E+00  0.000000000000E+00
  0.000000000000E+00  0.332755438903E+00  0.367171732776E+00  0.000000000000E+00
  0.000000000000E+00  0.000000000000E+00  0.201140810992E+00  0.000000000000E+00
  0.000000000000E+00  0.288174663338E+00  0.000000000000E+00  0.000000000000E+00
  0.000000000000E+00  0.367171732776E+00  0.000000000000E+00  0.000000000000E+00
  0.000000000000E+00  0.000000000000E+00  0.201140810992E+00  0.000000000000E+00
  0.000000000000E+00  0.288174663338E+00  0.000000000000E+00  0.000000000000E+00
  0.000000000000E+00  0.367171732776E+00 -0.144783691836E-16  0.182389157780E-17
 -0.816372726121E-17  0.000000000000E+00  0.000000000000E+00 -0.733586025452E-17
  0.000000000000E+00  0.000000000000E+00  0.433161911025E-17 -0.212478423532E-19
  0.000000000000E+00  0.000000000000E+00  0.367171732776E+00  0.000000000000E+00
  0.000000000000E+00  0.000000000000E+00  0.000000000000E+00  0.000000000000E+00
  0.000000000000E+00  0.000000000000E+00  0.000000000000E+00  0.000000000000E+00
  0.000000000000E+00  0.000000000000E+00  0.000000000000E+00  0.000000000000E+00
  0.367171732776E+00 -0.165406255031E-16 -0.926132498364E-01 -0.967619167787E-01
  0.489101427845E-18  0.000000000000E+00  0.518151151996E-01 -0.692176368048E-17
  0.000000000000E+00  0.198267881057E+00 -0.163121527311E+00  0.102488017996E-16
  0.000000000000E+00  0.433349723727E-18  0.000000000000E+00 -0.367171732776E+00
  0.926132498364E-01  0.343544113584E-16 -0.129736822816E+00  0.351013384936E-17
  0.000000000000E+00  0.847370968177E-01  0.887467366870E-18  0.000000000000E+00
  0.314796150900E+00 -0.131512133973E+00  0.565020143953E-17  0.000000000000E+00
 -0.449113545510E-17  0.000000000000E+00 -0.259361747874E+00 -0.367171732776E+00
  0.967619167787E-01  0.129736822816E+00  0.820149595123E-17  0.121681979646E-17
  0.000000000000E+00  0.953382850922E-01  0.298658760885E-17  0.000000000000E+00
  0.383803635922E+00 -0.488059708269E-01  0.236156017494E-17  0.000000000000E+00
 -0.379700934061E-17  0.000000000000E+00 -0.137198844647E+00 -0.289684995406E+00
 -0.367171732776E+00  0.489101427845E-18  0.351013384936E-17  0.121681979646E-17
 -0.273628922717E-18  0.000000000000E+00 -0.530393978370E-17 -0.707692923268E-01
  0.000000000000E+00 -0.789586113222E-17  0.146329876645E-16  0.999376003135E-01
  0.000000000000E+00 -0.224076978833E-17  0.000000000000E+00  0.000000000000E+00
  0.000000000000E+00  0.000000000000E+00 -0.367171732776E+00  0.000000000000E+00
  0.000000000000E+00  0.000000000000E+00  0.000000000000E+00 -0.273628922717E-18
  0.000000000000E+00  0.000000000000E+00 -0.707692923268E-01  0.000000000000E+00
  0.000000000000E+00  0.000000000000E+00  0.999376003135E-01  0.000000000000E+00
 -0.224076978833E-17  0.000000000000E+00  0.000000000000E+00  0.000000000000E+00
  0.000000000000E+00 -0.367171732776E+00  0.518151151996E-01  0.847370968177E-01
  0.953382850922E-01  0.530393978370E-17  0.000000000000E+00 -0.423659442696E-16
  0.654870342209E-17  0.000000000000E+00 -0.130538207148E+00  0.243182808393E-01
 -0.154415935848E-17  0.000000000000E+00 -0.171877156380E-17  0.000000000000E+00
  0.219633256689E+00  0.237879346219E+00  0.138646753841E+00  0.000000000000E+00
  0.000000000000E+00 -0.367171732776E+00 -0.692176368048E-17  0.887467366870E-18
  0.298658760885E-17  0.707692923268E-01  0.000000000000E+00 -0.654870342209E-17
 -0.136110612994E-16  0.000000000000E+00 -0.156688534103E-16  0.860277599160E-17
  0.114491175572E+00  0.000000000000E+00  0.342570467322E-17  0.000000000000E+00
  0.000000000000E+00  0.000000000000E+00  0.000000000000E+00 -0.210181364199E+00
  0.000000000000E+00  0.000000000000E+00 -0.367171732776E+00  0.000000000000E+00
  0.000000000000E+00  0.000000000000E+00  0.000000000000E+00  0.707692923268E-01
  0.000000000000E+00  0.000000000000E+00 -0.136110612994E-16  0.000000000000E+00
  0.000000000000E+00  0.000000000000E+00  0.114491175572E+00  0.000000000000E+00
  0.342570467322E-17  0.000000000000E+00  0.000000000000E+00  0.000000000000E+00
  0.000000000000E+00 -0.210181364199E+00  0.000000000000E+00  0.000000000000E+00
 -0.367171732776E+00  0.198267881057E+00  0.314796150900E+00  0.383803635922E+00
  0.789586113222E-17  0.000000000000E+00  0.130538207148E+00  0.156688534103E-16
  0.000000000000E+00  0.750321744415E-16 -0.183088377267E-02  0.667875388786E-17
  0.000000000000E+00 -0.355557141958E-17  0.000000000000E+00  0.147556794070E+00
  0.460671492452E+00  0.505256370559E+00  0.000000000000E+00  0.000000000000E+00
 -0.210181364199E+00  0.000000000000E+00  0.000000000000E+00 -0.367171732776E+00
  0.163121527311E+00  0.131512133973E+00  0.488059708269E-01  0.146329876645E-16
  0.000000000000E+00  0.243182808393E-01  0.860277599160E-17  0.000000000000E+00
 -0.183088377267E-02  0.102813334041E-15  0.532394924809E-17  0.000000000000E+00
 -0.578885133300E-17  0.000000000000E+00  0.000000000000E+00  0.000000000000E+00
  0.000000000000E+00  0.000000000000E+00  0.000000000000E+00  0.232257402742E+00
  0.000000000000E+00  0.000000000000E+00  0.332755438903E+00 -0.367171732776E+00
 -0.102488017996E-16 -0.565020143953E-17 -0.236156017494E-17  0.999376003135E-01
  0.000000000000E+00 -0.154415935848E-17  0.114491175572E+00  0.000000000000E+00
  0.667875388786E-17 -0.532394924809E-17 -0.610163487028E-16  0.000000000000E+00
  0.858385596348E-17  0.000000000000E+00  0.000000000000E+00  0.000000000000E+00
  0.000000000000E+00  0.201140810992E+00  0.000000000000E+00  0.000000000000E+00
  0.288174663338E+00  0.000000000000E+00  0.000000000000E+00  0.000000000000E+00
 -0.367171732776E+00  0.000000000000E+00  0.000000000000E+00  0.000000000000E+00
  0.000000000000E+00  0.999376003135E-01  0.000000000000E+00  0.000000000000E+00
  0.114491175572E+00  0.000000000000E+00  0.000000000000E+00  0.000000000000E+00
 -0.610163487028E-16  0.000000000000E+00  0.858385596348E-17  0.000000000000E+00
  0.000000000000E+00  0.000000000000E+00  0.000000000000E+00  0.201140810992E+00
  0.000000000000E+00  0.000000000000E+00  0.288174663338E+00  0.000000000000E+00
  0.000000000000E+00  0.000000000000E+00 -0.367171732776E+00  0.151447278957E-20
 -0.626094800396E-17 -0.695507411845E-17 -0.224076978833E-17  0.000000000000E+00
  0.477307339762E-18  0.342570467322E-17  0.000000000000E+00 -0.749110710921E-17
 -0.404998789107E-17 -0.858385596348E-17  0.000000000000E+00  0.227419342500E-17
  0.000000000000E+00 -0.109613334242E-16  0.211164411182E-17  0.120992629508E-16
  0.000000000000E+00  0.000000000000E+00 -0.733586025452E-17  0.000000000000E+00
  0.000000000000E+00  0.433161911025E-17 -0.194652000246E-17  0.000000000000E+00
  0.000000000000E+00 -0.367171732776E+00  0.000000000000E+00  0.000000000000E+00
  0.000000000000E+00  0.000000000000E+00 -0.224076978833E-17  0.000000000000E+00
  0.000000000000E+00  0.342570467322E-17  0.000000000000E+00  0.000000000000E+00
  0.000000000000E+00 -0.858385596348E-17  0.000000000000E+00 -0.874152093651E-17
  0.000000000000E+00  0.000000000000E+00  0.000000000000E+00  0.000000000000E+00
  0.000000000000E+00  0.000000000000E+00  0.000000000000E+00  0.000000000000E+00
  0.000000000000E+00  0.000000000000E+00  0.000000000000E+00  0.000000000000E+00
  0.000000000000E+00 -0.367171732776E+00
 $END
