 $GENNBO  NATOMS=2  NBAS=12  UPPER  BODM  FORMAT=PRECISE  $END
 $NBO  FILE=h2  $END
 $COORD
 Title
     1    1       0.000000       0.000000       0.367740
     1    1       0.000000       0.000000      -0.367740
 $END
 $BASIS
  CENTER =     1     1     1     1     1     1     2     2     2     2     2
               2
   LABEL =     1     1     1   101   102   103     1     1     1   101   102
             103
 $END
 $CONTRACT
  NSHELL =     8
    NEXP =    12
   NCOMP =     1     1     1     3     1     1     1     3
   NPRIM =     3     1     1     1     3     1     1     1
    NPTR =     1     4     5     6     7    10    11    12
     EXP =  0.338650000000E+02  0.509479000000E+01  0.115879000000E+01
            0.325840000000E+00  0.102741000000E+00  0.750000000000E+00
            0.338650000000E+02  0.509479000000E+01  0.115879000000E+01
            0.325840000000E+00  0.102741000000E+00  0.750000000000E+00
      CS =  0.254938145000E-01  0.190373109000E+00  0.852161486000E+00
            0.100000000000E+01  0.100000000000E+01  0.000000000000E+00
            0.254938145000E-01  0.190373109000E+00  0.852161486000E+00
            0.100000000000E+01  0.100000000000E+01  0.000000000000E+00
      CP =  0.000000000000E+00  0.000000000000E+00  0.000000000000E+00
            0.000000000000E+00  0.000000000000E+00  0.100000000000E+01
            0.000000000000E+00  0.000000000000E+00  0.000000000000E+00
            0.000000000000E+00  0.000000000000E+00  0.100000000000E+01
 $END
 $OVERLAP
  0.100000000000E+01  0.706377220037E+00  0.100000000000E+01  0.373663962662E+00
  0.788963227687E+00  0.100000000000E+01  0.000000000000E+00  0.000000000000E+00
  0.000000000000E+00  0.100000000000E+01  0.000000000000E+00  0.000000000000E+00
  0.000000000000E+00  0.171056941446E-48  0.100000000000E+01  0.000000000000E+00
  0.000000000000E+00  0.000000000000E+00  0.127035909039E-32  0.127035909039E-32
  0.100000000000E+01  0.274335711892E+00  0.428381622895E+00  0.311097352242E+00
 -0.172375456816E-16 -0.172375456816E-16 -0.563020968774E+00  0.100000000000E+01
  0.428381622895E+00  0.729998375718E+00  0.678464008552E+00 -0.126807895454E-16
 -0.126807895454E-16 -0.414186018505E+00  0.706377220037E+00  0.100000000000E+01
  0.311097352242E+00  0.678464008552E+00  0.905532126649E+00 -0.391763316748E-17
 -0.391763316748E-17 -0.127959609912E+00  0.373663962662E+00  0.788963227687E+00
  0.100000000000E+01  0.000000000000E+00  0.000000000000E+00  0.000000000000E+00
  0.484620855866E+00  0.000000000000E+00 -0.107479210668E-16  0.000000000000E+00
  0.000000000000E+00  0.000000000000E+00  0.100000000000E+01  0.211099051441E-32
  0.155294883274E-32  0.479771691878E-33 -0.658120356599E-33  0.484620855866E+00
 -0.107479210668E-16  0.000000000000E+00  0.000000000000E+00  0.000000000000E+00
  0.000000000000E+00  0.100000000000E+01  0.563020968774E+00  0.414186018505E+00
  0.127959609912E+00 -0.107479210668E-16 -0.107479210668E-16 -0.217486630101E+00
  0.000000000000E+00  0.000000000000E+00  0.000000000000E+00  0.000000000000E+00
  0.000000000000E+00  0.100000000000E+01
 $END
 $DENSITY
  0.692813859050E-01  0.107145629413E+00  0.165703756533E+00  0.493551117416E-01
  0.763290809388E-01  0.351599065637E-01 -0.130066117081E-18 -0.201150941163E-18
 -0.926573228646E-19  0.195344762134E-35 -0.130066117081E-18 -0.201150941163E-18
 -0.926573228646E-19  0.119614168839E-51  0.195344762134E-35 -0.849656355914E-02
 -0.131401766650E-01 -0.605283567011E-02  0.159511103340E-19  0.159511103340E-19
  0.104200560326E-02  0.692813859050E-01  0.107145629413E+00  0.493551117416E-01
 -0.130066117081E-18 -0.130066117081E-18 -0.849656355914E-02  0.692813859050E-01
  0.107145629413E+00  0.165703756533E+00  0.763290809388E-01 -0.201150941163E-18
 -0.201150941163E-18 -0.131401766650E-01  0.107145629413E+00  0.165703756533E+00
  0.493551117416E-01  0.763290809388E-01  0.351599065637E-01 -0.926573228646E-19
 -0.926573228646E-19 -0.605283567011E-02  0.493551117416E-01  0.763290809388E-01
  0.351599065637E-01  0.130066117081E-18  0.201150941163E-18  0.926573228646E-19
 -0.195344762134E-35 -0.119614168839E-51 -0.159511103340E-19  0.130066117081E-18
  0.201150941163E-18  0.926573228646E-19  0.195344762134E-35  0.130066117081E-18
  0.201150941163E-18  0.926573228646E-19 -0.119614168839E-51 -0.195344762134E-35
 -0.159511103340E-19  0.130066117081E-18  0.201150941163E-18  0.926573228646E-19
  0.119614168839E-51  0.195344762134E-35  0.849656355914E-02  0.131401766650E-01
  0.605283567011E-02 -0.159511103340E-19 -0.159511103340E-19 -0.104200560326E-02
  0.849656355914E-02  0.131401766650E-01  0.605283567011E-02  0.159511103340E-19
  0.159511103340E-19  0.104200560326E-02
 $END
 $FOCK
  0.578333618194E+00 -0.453367423304E+00 -0.372226436746E+00 -0.472691295531E+00
 -0.387812001945E+00 -0.254883188067E+00  0.580181505561E-17  0.848549209672E-17
  0.550960964030E-17  0.153111967678E+01  0.580181505561E-17  0.848549209672E-17
  0.550960964030E-17  0.000000000000E+00  0.153111967678E+01  0.222960991526E+00
  0.303718265710E+00  0.217213654397E+00 -0.767836954960E-17 -0.767836954960E-17
  0.125290244469E+01 -0.526855274349E+00 -0.524602167584E+00 -0.449975932119E+00
  0.175821429965E-16  0.175821429965E-16 -0.643352630906E-01  0.578333618194E+00
 -0.524602167584E+00 -0.488280095730E+00 -0.407180196286E+00  0.151518116244E-16
  0.151518116244E-16  0.101163623749E+00 -0.453367423304E+00 -0.372226436746E+00
 -0.449975932119E+00 -0.407180196286E+00 -0.272065311297E+00  0.880978231180E-17
  0.880978231180E-17  0.207087841757E+00 -0.472691295531E+00 -0.387812001945E+00
 -0.254883188067E+00  0.000000000000E+00  0.000000000000E+00  0.000000000000E+00
  0.447890293179E+00 -0.154074395551E-32 -0.210193889268E-17  0.000000000000E+00
  0.000000000000E+00  0.000000000000E+00  0.153111967678E+01 -0.137401718956E-32
  0.120676690145E-32 -0.233774547872E-33 -0.158955398140E-32  0.447890293179E+00
 -0.210193889268E-17 -0.710517423709E-33 -0.103917307354E-32 -0.674732581055E-33
  0.000000000000E+00  0.153111967678E+01  0.643352630906E-01 -0.101163623749E+00
 -0.207087841757E+00 -0.210193889268E-17 -0.210193889268E-17 -0.591940146406E+00
 -0.222960991526E+00 -0.303718265710E+00 -0.217213654397E+00  0.000000000000E+00
 -0.940329069159E-33  0.125290244469E+01
 $END
 $LCAOMO
  0.186120103569E+00  0.287840022003E+00  0.132589416176E+00  0.000000000000E+00
  0.000000000000E+00 -0.228254857917E-01  0.186120103569E+00  0.287840022003E+00
  0.132589416176E+00  0.000000000000E+00  0.000000000000E+00  0.228254857917E-01
  0.704355668909E-01 -0.192402379768E+00  0.237138838759E+01  0.000000000000E+00
  0.000000000000E+00  0.730083407006E-01 -0.704355668909E-01  0.192402379768E+00
 -0.237138838759E+01  0.000000000000E+00  0.000000000000E+00  0.730083407006E-01
 -0.492679643352E-01 -0.710631637295E+00  0.846932164467E+00  0.000000000000E+00
  0.000000000000E+00  0.112879036844E-02 -0.492679643352E-01 -0.710631637295E+00
  0.846932164467E+00  0.000000000000E+00  0.000000000000E+00 -0.112879036844E-02
 -0.100345635253E+00 -0.204382637669E+01  0.229358236574E+01  0.000000000000E+00
  0.000000000000E+00  0.166593963057E+00  0.100345635253E+00  0.204382637669E+01
 -0.229358236574E+01  0.000000000000E+00  0.000000000000E+00  0.166593963057E+00
  0.000000000000E+00  0.000000000000E+00  0.000000000000E+00  0.000000000000E+00
  0.580332942033E+00  0.000000000000E+00  0.000000000000E+00  0.000000000000E+00
  0.000000000000E+00  0.000000000000E+00  0.580332942033E+00  0.000000000000E+00
  0.000000000000E+00  0.000000000000E+00  0.000000000000E+00  0.580332942033E+00
  0.000000000000E+00  0.000000000000E+00  0.000000000000E+00  0.000000000000E+00
  0.000000000000E+00  0.580332942033E+00  0.000000000000E+00  0.000000000000E+00
 -0.335683608399E+00  0.736825775365E+00 -0.359487210259E+00  0.000000000000E+00
  0.000000000000E+00  0.592604962122E+00 -0.335683608399E+00  0.736825775365E+00
 -0.359487210259E+00  0.000000000000E+00  0.000000000000E+00 -0.592604962122E+00
  0.000000000000E+00  0.000000000000E+00  0.000000000000E+00  0.984966777515E+00
  0.000000000000E+00  0.000000000000E+00  0.000000000000E+00  0.000000000000E+00
  0.000000000000E+00 -0.984966777515E+00  0.000000000000E+00  0.000000000000E+00
  0.000000000000E+00  0.000000000000E+00  0.000000000000E+00  0.000000000000E+00
  0.984966777515E+00  0.000000000000E+00  0.000000000000E+00  0.000000000000E+00
  0.000000000000E+00  0.000000000000E+00 -0.984966777515E+00  0.000000000000E+00
 -0.553129921790E+00  0.350192541825E+01 -0.160288266161E+01  0.000000000000E+00
  0.000000000000E+00 -0.143398608345E+01  0.553129921790E+00 -0.350192541825E+01
  0.160288266161E+01  0.000000000000E+00  0.000000000000E+00 -0.143398608345E+01
  0.108650886811E+01 -0.971522613935E+00  0.340902170919E+00  0.000000000000E+00
  0.000000000000E+00  0.418874439308E+00  0.108650886811E+01 -0.971522613935E+00
  0.340902170919E+00  0.000000000000E+00  0.000000000000E+00 -0.418874439308E+00
 -0.114025536277E+01 -0.168757566642E+01  0.243060611324E+00  0.000000000000E+00
  0.000000000000E+00  0.186976451419E+01  0.114025536277E+01  0.168757566642E+01
 -0.243060611324E+00  0.000000000000E+00  0.000000000000E+00  0.186976451419E+01
 $END
 $KINETIC
  0.230434833235E+01  0.549119152183E+00  0.488760000000E+00  0.106346075822E+00
  0.184881428613E+00  0.154111500000E+00  0.000000000000E+00  0.000000000000E+00
  0.000000000000E+00  0.187500000000E+01  0.000000000000E+00  0.000000000000E+00
  0.000000000000E+00  0.342113882892E-48  0.187500000000E+01  0.000000000000E+00
  0.000000000000E+00  0.000000000000E+00 -0.285188566350E-32 -0.285188566350E-32
  0.187500000000E+01  0.764423900401E-01  0.221354550258E+00  0.777150210557E-01
 -0.257129157534E-16 -0.257129157534E-16 -0.839847563275E+00  0.230434833235E+01
  0.221354550258E+00  0.281935538581E+00  0.142994718147E+00 -0.118745233792E-16
 -0.118745233792E-16 -0.387851367023E+00  0.549119152183E+00  0.488760000000E+00
  0.777150210557E-01  0.142994718147E+00  0.130320789164E+00 -0.164644813480E-17
 -0.164644813480E-17 -0.537770771442E-01  0.106346075822E+00  0.184881428613E+00
  0.154111500000E+00  0.000000000000E+00  0.000000000000E+00  0.000000000000E+00
  0.645373797512E+00 -0.154074395551E-32 -0.223740405157E-16  0.000000000000E+00
  0.000000000000E+00  0.000000000000E+00  0.187500000000E+01  0.314892399742E-32
  0.145420970478E-32  0.201631743825E-33 -0.137001485508E-32  0.645373797512E+00
 -0.223740405157E-16  0.000000000000E+00  0.000000000000E+00  0.000000000000E+00
  0.000000000000E+00  0.187500000000E+01  0.839847563275E+00  0.387851367023E+00
  0.537770771442E-01 -0.223740405157E-16 -0.223740405157E-16 -0.816209446328E+00
  0.000000000000E+00  0.000000000000E+00  0.000000000000E+00  0.000000000000E+00
  0.000000000000E+00  0.187500000000E+01
 $END
 $NUCLEAR
 -0.282914809058E+01 -0.156128690835E+01 -0.154940462510E+01 -0.777080904093E+00
 -0.103797465404E+01 -0.962667656821E+00  0.580181505561E-17  0.848549209672E-17
  0.550960964030E-17 -0.152024606189E+01  0.580181505561E-17  0.848549209672E-17
  0.550960964030E-17 -0.342113882892E-48 -0.152024606189E+01  0.189501660712E+00
  0.277157204922E+00  0.179957507557E+00 -0.767836954960E-17 -0.767836954960E-17
 -0.177104064381E+01 -0.719600767286E+00 -0.980293152354E+00 -0.659248837005E+00
  0.432950587499E-16  0.432950587499E-16  0.141412393451E+01 -0.282914809058E+01
 -0.980293152354E+00 -0.120264435088E+01 -0.924871325659E+00  0.270263350036E-16
  0.270263350036E-16  0.882747091568E+00 -0.156128690835E+01 -0.154940462510E+01
 -0.659248837005E+00 -0.924871325659E+00 -0.896601147163E+00  0.104562304466E-16
  0.104562304466E-16  0.341526404311E+00 -0.777080904093E+00 -0.103797465404E+01
 -0.962667656821E+00  0.000000000000E+00  0.000000000000E+00  0.000000000000E+00
 -0.781276744046E+00  0.000000000000E+00  0.202721016230E-16  0.000000000000E+00
  0.000000000000E+00  0.000000000000E+00 -0.152024606189E+01 -0.452294118697E-32
 -0.247442803328E-33 -0.435406291697E-33 -0.219539126321E-33 -0.781276744046E+00
  0.202721016230E-16 -0.710517423709E-33 -0.103917307354E-32 -0.674732581055E-33
  0.000000000000E+00 -0.152024606189E+01 -0.141412393451E+01 -0.882747091568E+00
 -0.341526404311E+00  0.202721016230E-16  0.202721016230E-16  0.542997431145E+00
 -0.189501660712E+00 -0.277157204922E+00 -0.179957507557E+00  0.000000000000E+00
 -0.940329069159E-33 -0.177104064381E+01
 $END
 $DIPOLE
  0.000000000000E+00  0.000000000000E+00  0.000000000000E+00  0.000000000000E+00
  0.000000000000E+00  0.000000000000E+00  0.205735115592E+00  0.375281206541E+00
  0.282317446421E+00  0.000000000000E+00  0.000000000000E+00  0.000000000000E+00
  0.000000000000E+00  0.000000000000E+00  0.000000000000E+00  0.000000000000E+00
  0.000000000000E+00  0.000000000000E+00  0.000000000000E+00  0.000000000000E+00
  0.000000000000E+00  0.617738245867E-17  0.153169967005E-16  0.129359391116E-16
  0.842877886364E-01  0.000000000000E+00 -0.161677904414E-16  0.450352046116E-16
  0.397525733845E-17  0.164378131083E-16  0.232300656660E-16  0.241987028170E+00
  0.000000000000E+00 -0.564942548076E-17  0.318118426374E-16  0.450352046116E-16
  0.107439380081E-17  0.732469978083E-17  0.203904123030E-16  0.237099243101E+00
  0.000000000000E+00 -0.694307236425E-18  0.168280330145E-16  0.355311203900E-16
  0.450352046116E-16  0.842877886364E-01  0.241987028170E+00  0.237099243101E+00
  0.109124997015E-16  0.000000000000E+00 -0.178214644567E+00  0.205735115592E+00
  0.375281206541E+00  0.282317446421E+00  0.450352046116E-16  0.000000000000E+00
  0.000000000000E+00  0.000000000000E+00  0.000000000000E+00  0.109124997015E-16
  0.000000000000E+00  0.000000000000E+00  0.000000000000E+00  0.000000000000E+00
  0.000000000000E+00  0.450352046116E-16  0.918797408802E-17  0.130035266099E-16
  0.506837997799E-17  0.178214644567E+00  0.000000000000E+00 -0.489727744344E-17
  0.000000000000E+00  0.000000000000E+00  0.000000000000E+00  0.000000000000E+00
  0.000000000000E+00  0.450352046116E-16
  0.000000000000E+00  0.000000000000E+00  0.000000000000E+00  0.000000000000E+00
  0.000000000000E+00  0.000000000000E+00  0.000000000000E+00  0.000000000000E+00
  0.000000000000E+00  0.000000000000E+00  0.205735115592E+00  0.375281206541E+00
  0.282317446421E+00  0.000000000000E+00  0.000000000000E+00  0.000000000000E+00
  0.000000000000E+00  0.000000000000E+00  0.000000000000E+00  0.000000000000E+00
  0.000000000000E+00  0.000000000000E+00  0.000000000000E+00  0.000000000000E+00
  0.000000000000E+00  0.842877886364E-01  0.000000000000E+00  0.000000000000E+00
  0.000000000000E+00  0.000000000000E+00  0.000000000000E+00  0.000000000000E+00
  0.241987028170E+00  0.000000000000E+00  0.000000000000E+00  0.000000000000E+00
  0.000000000000E+00  0.000000000000E+00  0.000000000000E+00  0.000000000000E+00
  0.237099243101E+00  0.000000000000E+00  0.000000000000E+00  0.000000000000E+00
  0.000000000000E+00  0.000000000000E+00  0.000000000000E+00  0.000000000000E+00
  0.000000000000E+00 -0.109124997015E-16  0.000000000000E+00  0.000000000000E+00
  0.000000000000E+00  0.000000000000E+00  0.000000000000E+00  0.842877886364E-01
  0.241987028170E+00  0.237099243101E+00  0.109124997015E-16  0.000000000000E+00
 -0.178214644567E+00  0.205735115592E+00  0.375281206541E+00  0.282317446421E+00
  0.000000000000E+00  0.000000000000E+00  0.000000000000E+00  0.000000000000E+00
  0.000000000000E+00  0.000000000000E+00  0.178214644567E+00  0.000000000000E+00
  0.000000000000E+00  0.000000000000E+00  0.000000000000E+00  0.000000000000E+00
  0.000000000000E+00  0.000000000000E+00
  0.367740352916E+00  0.259763408189E+00  0.367740352916E+00  0.137411317502E+00
  0.290133615788E+00  0.367740352916E+00  0.000000000000E+00  0.000000000000E+00
  0.000000000000E+00  0.367740352916E+00  0.000000000000E+00  0.000000000000E+00
  0.000000000000E+00  0.000000000000E+00  0.367740352916E+00  0.205735115592E+00
  0.375281206541E+00  0.282317446421E+00  0.000000000000E+00  0.000000000000E+00
  0.367740352916E+00  0.393402771867E-16 -0.926123301016E-01 -0.968568677843E-01
 -0.348990817668E-17  0.000000000000E+00  0.141282314390E+00 -0.367740352916E+00
  0.926123301016E-01  0.636025003266E-16 -0.129877168635E+00  0.367705056457E-17
  0.000000000000E+00  0.181936235286E+00 -0.259763408189E+00 -0.367740352916E+00
  0.968568677843E-01  0.129877168635E+00  0.142646818356E-16  0.218703637078E-17
  0.000000000000E+00  0.201382228655E+00 -0.137411317502E+00 -0.290133615788E+00
 -0.367740352916E+00 -0.348990817668E-17  0.367705056457E-17  0.218703637078E-17
  0.971291517987E-17  0.000000000000E+00 -0.109124997015E-16  0.000000000000E+00
  0.000000000000E+00  0.000000000000E+00 -0.367740352916E+00  0.000000000000E+00
  0.000000000000E+00  0.000000000000E+00  0.000000000000E+00  0.971291517987E-17
  0.000000000000E+00  0.000000000000E+00  0.000000000000E+00  0.000000000000E+00
  0.000000000000E+00 -0.367740352916E+00  0.141282314390E+00  0.181936235286E+00
  0.201382228655E+00  0.109124997015E-16  0.000000000000E+00 -0.382193662439E-16
  0.205735115592E+00  0.375281206541E+00  0.282317446421E+00  0.000000000000E+00
  0.000000000000E+00 -0.367740352916E+00
 $END
